uproc,diamond
6894379,4976102
4034227,2248581
3615579,2822145
1397752,1368367
1100239,229881
1282401,1110962
264803,1
2811647,2261006
2188600,1793211
3532545,3263171
2695685,2262965
1042427,996018
2565489,2022415
2734762,2382530
3070864,2732824
986137,892233
2537570,2396340
2184971,1252262
2365613,2097553
1687657,1556995
2110852,1905863
2730736,2328863
2086476,1892592
1639639,1404518
1940342,1736996
530440,495581
1576562,1441854
1057934,474734
1245812,1064555
1748009,1441899
1879545,1200239
1517449,1315034
1685772,1489373
583060,561310
1676105,975708
1266185,1141818
1582819,1462371
1229526,1140228
1293770,1029912
1290861,1004619
1329877,1192735
820777,376721
1213196,974898
1422267,1241955
1217864,1100594
1082721,872211
1051664,848259
474041,371478
1226912,1144331
553000,172315
1210987,998630
1164822,994981
1318563,1129337
1073751,834094
1069032,1000282
1138067,1035761
1184586,995486
1152758,712286
836084,293658
1221186,1125569
818860,645282
713745,536776
958584,635526
652191,569291
946182,856598
957750,884726
897779,524502
781637,671458
872513,850382
1019721,843525
874762,909897
981578,833240
582467,147752
1033935,912302
932738,816399
836855,721515
1098801,903804
829276,679003
833744,113164
1030153,926646
498822,363251
805460,726190
883942,828786
925269,868281
868363,662457
928238,846274
918581,788224
1008283,870278
1015534,889215
962007,784703
771342,716866
735252,628300
902645,827609
762197,621380
747528,650304
807420,738438
690316,572817
741116,635737
890263,815869
516082,297112
778101,680270
297549,306910
575487,546445
748939,700001
796352,743560
929033,854403
770992,541986
781501,684420
639550,591766
580604,562229
429473,277578
672288,615144
193121,175796
722494,589829
686839,657936
754163,687216
713929,632716
789093,675708
634046,490232
639218,497029
300054,58960
593037,511169
676464,621774
699400,596875
674994,593756
749391,629256
769358,630003
672476,558063
768804,632893
686967,525437
709820,591386
858021,779948
684419,615004
687099,666344
722963,675475
815831,961819
716984,609505
650381,585326
799693,757731
624057,567926
673987,582653
176785,154963
715944,611675
745515,587821
778705,582048
132261,34065
507206,443310
186899,76302
582638,529906
818245,741425
657588,609393
610009,553647
716747,777963
621480,586962
616922,537643
678008,592713
677128,654950
661146,563890
622722,595023
724740,657691
688662,630753
646029,541812
640545,475646
586483,485892
707144,647329
538216,510397
570397,450666
543682,996645
567668,511293
581377,490593
552630,503474
515232,457504
609751,551662
499671,449486
537671,512194
590190,565313
297028,340619
526560,495421
588428,544677
603904,488379
614848,585718
307551,31649
765606,751530
626691,548170
486728,383282
539043,480311
617621,483895
412958,346483
240363,59130
553259,490060
409881,369518
492936,445342
521655,441852
475518,388313
605069,548010
466300,437463
480240,396501
535788,498864
513987,469547
471130,374681
628959,603508
494729,426639
533586,483984
420243,376260
371372,295916
327117,335902
468854,426080
342442,307098
518966,448141
487755,458139
179781,90698
514620,427500
496467,439109
374947,303057
468903,413119
508190,445411
427249,350149
629358,546274
491234,458294
531806,525549
442881,395470
483503,694840
477221,440776
478314,415711
441074,412651
438100,411006
436043,444016
625820,572026
625688,578370
445429,312392
473458,400745
406360,311169
545772,540131
547251,542622
496725,469452
303054,183384
339645,322511
330428,291660
448514,368690
507663,450398
464343,411368
548746,490809
326229,277393
451717,403316
451018,390226
445395,409324
395133,346225
441093,344884
396463,333851
471006,361280
372537,340986
377869,361573
322407,243773
444565,376411
356977,310417
314755,260445
638392,448571
468811,392454
368287,327461
391796,300676
540552,425804
398336,298912
487481,467788
368124,344316
306197,270806
403718,378810
431433,376541
445747,389346
443560,350634
514077,549601
355921,362372
342501,255011
386246,315708
446043,412353
400324,446812
432444,380968
276762,260214
419887,375466
489574,418196
387842,416701
338482,318167
488731,331102
233712,256330
312397,291762
488479,510031
254137,227381
429047,406363
427537,409368
480923,449569
353393,314687
137542,130370
383852,446076
444855,322417
527958,457267
377049,340658
277298,244463
237425,187011
376797,316661
350212,284011
421981,357055
193497,111543
184805,176905
364026,329467
362550,281352
590384,539297
353441,215946
654284,533631
412518,308719
338876,303527
399598,380276
395191,357566
335046,286304
246508,222820
380530,320179
315477,229541
337600,314287
374486,349735
363472,305503
298695,263773
389816,347035
249501,178889
300128,244082
354593,285247
305546,276573
353026,316831
221211,193028
393044,319157
398103,339438
311811,263744
359133,331569
389770,374126
369634,328965
266102,223444
286785,250286
403057,389053
499250,473058
387684,363658
373669,325091
375238,238204
439589,375647
227844,262666
436930,426020
438482,415416
213283,178954
372981,333614
253325,213680
222798,278423
339641,271383
363595,314182
329155,289668
396470,379289
349065,259608
295060,246192
396941,381362
223257,214846
316345,242774
353135,342843
300817,225203
222597,216195
263984,256340
235933,208407
445045,398753
287874,226744
308541,274300
302621,223164
193433,157601
229427,203925
304374,272973
252638,222314
317116,290226
219055,201510
299415,247051
325926,272243
364612,338813
316506,274920
228458,221246
253051,235042
338058,309401
339282,280523
258059,226846
307407,259677
246895,245279
383381,333191
263225,238117
369264,320543
263587,242984
314399,265751
323131,289857
256071,237067
258141,207922
323683,252790
288914,254385
383728,341424
331964,280483
338725,307544
308106,297846
150759,102812
227204,140764
221680,211876
337508,299355
339811,335931
192007,182164
370206,327010
161012,122744
234291,212816
329204,302527
302362,300414
321547,269573
245212,153493
227898,207792
352797,302800
153612,1113
235829,195425
246256,189866
360794,307448
272718,244016
542535,450558
282803,235645
276411,325534
311874,249636
302170,261978
319446,278941
291598,230544
256095,232110
376277,364484
311921,274724
330864,293102
345972,266957
402034,373641
311979,264880
271022,264069
244114,209784
220581,212907
352048,356570
327327,297278
259999,207318
232800,201254
297029,229666
345767,313148
304518,262938
240743,197018
98259,25597
302583,274003
363318,278695
250229,202490
275768,273699
296842,268986
244625,207542
226781,204268
177201,132728
283671,251210
268467,221318
287246,234812
280194,200046
286772,249860
172960,173466
210173,175784
309272,282899
230642,175846
278303,339379
241604,193992
343860,435817
258576,216538
280484,243557
281315,241919
207871,150908
301034,271373
347738,321902
323114,298854
280126,213210
316846,294124
312560,280594
223231,113584
176615,142034
214543,72586
253422,214241
234480,216223
205668,244252
261248,237627
241777,208192
306210,254900
340130,316063
241656,218103
212377,183382
303866,272593
271667,223134
246233,207926
272869,239920
201103,159570
171838,185583
297413,284128
318401,283776
187847,163015
850842,796677
238338,185520
247132,199763
313118,294121
255139,218409
273928,258435
262561,217897
87770,78316
276885,232886
250969,207763
123312,55857
245147,213154
356512,278519
218918,188569
334026,284740
230041,189844
224495,155745
265865,272909
278760,214623
277319,197657
294112,307794
275951,237544
259794,224978
297717,282709
176949,204060
85366,40158
272434,229224
321969,392043
249649,215362
243402,225336
194119,121629
174232,159555
203292,169149
177333,160326
241591,195984
186517,155097
261743,210611
186071,129834
213061,146739
232274,194175
316883,284134
225045,193180
250721,184781
223025,165617
299189,238822
225101,194803
245690,244521
241817,221441
205759,180306
261249,238650
216719,173277
269958,280171
456743,374319
141926,142231
252608,199874
261565,246778
257905,254196
218357,172795
240615,209591
175194,167002
266672,209706
248411,195174
277280,256582
218747,164429
230118,157284
100941,47423
222155,197617
214538,180491
216647,192561
240103,193354
90428,86460
219878,138412
274491,261440
254459,226818
265722,241413
201282,172944
239493,173720
214154,130788
231694,400780
286504,273142
200735,177758
284265,283968
126254,125199
207023,184553
218342,194708
182348,164414
173858,148449
254063,207287
190634,181629
179918,181728
289413,219370
279914,250755
297739,312013
318392,290183
234749,170123
257124,223544
219783,183495
230572,188247
185052,163601
253643,199148
195424,166565
185728,162713
279524,226130
150060,127462
203399,186273
285838,227254
207622,188602
191454,177703
285035,240067
154519,165507
162937,124627
255432,241944
158688,132980
276765,237881
245780,217184
214770,257775
192701,200646
196557,141392
225737,201272
155457,135760
204476,172833
102910,72521
229182,206401
206827,162467
222090,206572
236118,208433
208741,166148
256471,247172
231703,199723
166397,147421
175441,136932
235063,194553
148727,133283
224147,187161
139320,132149
162593,133139
195610,194493
206762,181031
245201,227142
194575,178396
202460,171861
205555,187908
219986,208758
229764,263427
225949,219794
310814,252603
210361,190310
70205,25053
297331,261628
198621,175395
226223,235211
220113,189765
154109,146856
117624,93830
181721,157215
150294,127661
207099,170475
186303,165810
230231,189600
245095,221353
103525,144971
207246,145505
216286,170066
234074,223830
218840,165932
243143,195464
100606,20697
119027,232354
225956,190767
213849,153439
204259,171248
158056,107158
184235,155894
199441,153997
196535,154734
186403,153975
113942,101094
220475,217773
89716,81842
249611,214018
115177,78097
223546,170493
278825,269154
155021,153886
211436,190119
188222,172745
165767,141212
242370,234665
154789,80049
167308,138341
183103,139651
198969,181771
323782,336353
234214,185125
206795,139956
232071,211487
145224,115720
185738,139290
168814,170329
138192,107959
193332,148437
181605,167526
187893,174349
202795,182655
135626,121648
206988,188039
81552,7
263297,269410
135829,102480
243943,259279
154259,137843
204663,179812
210597,191697
193423,168220
161732,157620
136235,131339
174514,110076
167184,152685
216629,169627
260993,254577
194910,168486
195042,166412
171280,135537
292533,306756
229635,198191
137301,159634
136269,89895
165233,152663
175581,134585
251255,243569
139346,138684
130509,119385
146108,128773
170833,166775
213555,190579
201337,184754
160990,127667
122577,115599
183129,127961
47525,60179
134844,124238
119830,118495
225520,168782
105732,72460
130359,114805
114896,155793
173601,184442
150535,104181
208243,184115
165594,140471
194264,161946
178961,147690
163491,137908
149944,107667
143211,127584
152187,121956
175429,150005
173237,147462
149574,122380
165367,163184
160029,117231
152656,118377
160722,135694
178112,199565
163187,116862
168091,172169
110670,105052
169860,141318
147902,114032
141901,145856
145300,132058
212602,174289
196144,160711
123374,114822
199433,171565
228202,198826
105973,108278
78742,66885
252543,222199
166493,133898
156339,143835
143128,115232
90017,16631
127705,138230
163394,129893
163008,134121
144031,134276
158792,110591
197873,190594
153565,118550
180983,161344
273604,213890
208723,183884
172213,180706
106261,98870
145714,134316
124789,79872
119553,115688
159755,144533
209072,204465
175040,142468
170542,126846
151546,118099
215734,199345
176389,140664
129710,83104
117420,109729
167226,160379
136498,222713
331909,301633
152649,88317
173288,171091
111560,102102
134096,98105
109534,101655
105061,118796
185245,157194
197898,165457
150734,140718
157068,136771
183359,142406
126253,107696
113960,88607
122001,118058
117878,90329
152696,136033
99587,83731
111695,83996
143296,137626
160261,140149
146771,455144
168857,151518
131707,108971
101785,94836
214982,220203
161801,158663
203237,184571
214436,234834
125123,112076
116228,92077
180605,160598
55218,16339
161384,132392
149706,130454
104938,93826
99084,89718
50326,50902
202986,194779
191098,143638
156847,147734
77612,68597
119880,83023
121522,134604
175013,154010
95386,109756
78458,48914
104861,90699
116904,93904
126918,97809
125953,102384
128974,112229
133042,92496
146001,130241
182785,141051
143511,138410
147765,134171
76745,28691
77026,68178
169951,145323
94023,82082
176495,149216
125309,120234
162193,139975
163719,171493
77652,77230
110250,75883
165892,154567
68751,31250
150977,134194
125561,179287
150770,124985
126509,115664
143433,105725
116950,102263
166700,130800
137360,97087
212607,195984
96108,76437
132859,110791
172439,165891
152339,131411
173626,144821
260556,296282
140919,164680
233250,227125
145512,137598
74496,60210
148950,173309
60155,49625
115984,122482
152703,127826
84195,82710
66027,12141
167626,145529
123009,90176
122082,88807
108001,96740
171480,263915
113507,93076
140313,122975
179927,171044
127540,105324
156363,134307
129295,100757
170590,214532
69443,34321
129445,83195
42954,5828
128761,101674
94249,85573
120502,85384
127123,123787
118575,105144
88499,82112
81403,86549
137241,105553
138903,121214
123187,117106
136565,122513
109412,76414
30082,9320
96817,87011
133851,119970
137482,115503
113970,109799
92942,74608
162449,140338
156678,120343
149029,121326
111990,89405
130986,73736
113409,73387
213132,179841
181828,155077
145293,132349
142747,142011
93714,94342
108023,105615
113030,92094
121803,121533
139233,108538
82963,79481
71929,56897
99375,89245
72376,47285
149939,145003
121123,88268
144229,131243
116161,105455
98195,87168
86378,59860
167174,158634
125225,109321
117122,122146
146613,126489
106565,84860
143569,135654
121024,104132
109411,84049
70586,45518
98450,84202
136728,102326
136407,114406
91057,80123
159969,134163
136797,111113
107796,164189
92764,71989
125827,86419
74068,68723
101432,146630
121470,100635
87367,87479
130924,60939
84186,61013
83359,89236
130739,109976
78484,69719
72982,74434
172783,144304
120238,122446
120207,103901
197929,225184
149830,118056
124428,99065
122376,83414
134307,109583
100268,85386
115651,101742
89546,97821
159593,122835
136541,131459
116628,93682
143531,148919
127652,117338
36783,31497
134456,107467
94377,115729
134389,105361
94744,123847
20041,8611
170221,163830
157110,147070
43656,16378
116455,107773
133401,116129
59631,19263
111652,88766
158849,144309
37668,41578
39788,16064
72930,61817
121613,94747
67665,62189
55366,28531
121110,113000
26881,22327
86698,93882
140844,94080
115122,106628
144186,120996
112398,101967
71561,14393
110301,75650
121388,73096
134855,117831
131472,88930
123268,132974
188915,168855
75949,70288
142588,126837
91275,100012
187082,195289
107251,98671
96367,71834
142558,124524
49264,42499
190267,321689
102027,79583
172152,185290
138213,138661
146018,136883
87102,57911
97227,68999
90241,77899
107431,118598
164027,151092
89429,70197
61657,82821
139071,126592
98832,85560
80943,92905
118748,135386
120667,111246
37111,25139
216480,135727
69652,65645
19639,2990
148626,135098
70596,61536
68645,78284
156286,138899
85681,78541
104380,78472
125236,114603
110311,105619
109522,97679
74672,68135
94929,77605
108996,84485
105026,93992
116008,103797
89689,193659
94962,85913
149860,104083
113037,102817
76652,86245
152930,138838
28637,3450
98074,85295
58683,58323
107838,47741
115979,98716
47502,54671
69777,63774
116641,117592
71042,50707
115193,101001
83856,78434
131411,116783
73528,60840
125972,115731
91251,99379
138460,140605
91349,70313
83241,97591
87597,96812
134712,127829
94021,67132
62688,46617
102852,68044
93486,78634
177333,241022
101202,66007
141449,166249
58437,62668
105997,107849
140189,139681
49048,41531
93463,81353
82451,175600
105241,90144
97463,137130
59466,57086
58003,49619
110778,72237
100135,79928
133809,95453
83382,16911
57559,55604
78553,42419
79396,75757
125858,112322
70342,79524
117625,113110
144236,124331
27564,26664
71236,56783
66010,47127
50806,50187
96086,85931
89042,67970
69959,48004
85874,63709
57645,52834
105536,95198
66784,53597
74367,66838
68464,85948
142745,140952
136741,117780
118252,89766
46536,42232
80736,79531
55272,37497
123132,110769
76238,72192
74956,75875
116684,103931
108033,85794
114741,130263
86432,72169
90589,82036
35128,31020
88632,70534
127965,123710
55644,53005
151321,136081
87403,88899
57690,48930
68955,45672
86049,51773
66043,59598
92111,57097
62838,54764
96407,96788
164625,155148
135431,135032
86696,89647
87672,72077
90847,59475
43078,38777
71776,54241
72332,81437
89376,85327
101593,97737
113287,111900
102844,94342
59439,58891
83570,72483
98476,103295
141295,159174
71092,71875
73343,70865
67532,62611
130369,126459
49151,17520
108994,89524
67114,58162
121420,100679
77748,39830
55823,46661
90413,72136
65998,53091
51418,48714
72413,57708
59741,51146
65104,54241
74185,69890
33719,26297
66655,39596
111440,93553
63712,60773
90381,76986
77133,72842
40351,16511
93752,50874
89666,70772
51898,47561
88321,59619
70884,56608
70020,55117
97433,78858
81392,77048
104790,82962
85110,78466
58286,44381
59040,59692
98077,74819
72452,73413
92563,74776
62606,73246
78210,65706
111081,83230
86754,73568
98297,97039
95565,79942
99242,100936
60277,61501
73637,53936
83561,62197
96635,128534
119431,89768
54132,47311
97902,101451
102160,69924
70685,71508
67035,51523
55856,36346
24970,6774
57941,53327
110723,96553
116547,162176
117852,125207
52556,58004
55101,40059
135783,125704
52518,42660
48922,46205
40898,41518
82498,68072
117722,61169
76547,62919
62417,34393
113981,93914
127842,120947
67448,69910
75622,53755
99731,81610
40894,19294
52584,41014
85023,82322
50211,43254
54271,48889
81614,73267
39962,38944
55101,41926
56453,68314
69051,76231
115600,97307
88324,72634
130765,258852
128087,152152
40978,5751
184497,180599
21914,12788
81558,76344
33500,7841
83604,64999
49509,40538
70007,40713
106506,82188
56480,48187
86397,35033
100211,82287
76168,43557
67431,58313
66246,55727
68689,52854
39391,25784
59485,59825
50245,54148
81898,88878
77147,65327
51612,34464
59990,48907
71771,64155
94704,70515
75760,64412
75926,55832
42287,41080
80537,60690
92507,74896
90240,82695
98521,123072
122135,112623
78370,73571
70429,82518
39990,14366
56944,50090
72076,60087
100129,110265
97746,84462
59419,33267
90828,71553
70805,61975
29183,157
20054,7124
116695,94546
48779,35964
77822,72565
41039,36854
85512,69943
58420,68076
59278,46270
74263,59738
37453,49463
95767,82186
54967,31923
53102,67435
99706,109250
69550,56284
57442,53878
42875,38202
46818,37058
67091,55839
68545,68272
54626,39366
75990,44055
99012,100828
86414,58156
55600,51454
51221,51008
94058,76344
67015,58022
72436,70563
88760,92129
87276,108469
104381,78391
95474,102038
100161,81786
61077,47832
62318,48521
90011,74506
52479,52553
64328,57314
89277,90420
96086,98242
89937,72905
82604,75570
59890,51412
82118,76664
57618,66682
93046,73427
59351,41169
42088,20963
46844,41707
84683,72934
67637,270626
72644,52792
63509,40492
71804,57083
95648,71245
76185,56242
64884,53467
105162,96053
35774,26494
73141,66026
88790,83534
50067,45048
80208,74166
66803,67151
21183,7933
40196,31785
48020,37984
27213,26298
62226,47139
129126,188256
22470,21447
87007,75079
86099,78536
69894,99780
45611,48598
71265,52865
34552,25815
71505,56391
43407,29271
72160,73576
49718,27187
82964,194767
60337,55187
57488,35066
53930,42848
43101,36506
76305,57464
54650,45637
61420,49122
52536,57000
94328,124990
51877,49017
59968,50686
61746,46186
105555,91929
81349,54013
90176,92798
114093,124623
102937,102251
46920,37688
124849,79749
77641,66009
75091,52809
32039,18132
73360,68763
50123,92115
49942,42963
42819,37124
58297,45093
62121,60295
65134,75372
99361,90893
61402,71636
33488,30744
27647,26814
53532,55695
31025,29204
52380,39036
59120,50864
40596,20068
105137,90445
41320,52800
31901,27087
52626,44172
65152,89526
97156,84239
33397,28828
92309,68761
31963,28439
79553,63485
34151,28856
66713,50457
41465,39967
62671,34807
53173,51692
70719,64157
33141,7462
83912,76039
35374,28911
44306,103953
51691,58193
65139,66305
59264,57464
28215,18231
39076,32006
34907,31684
73784,75024
47117,42520
48749,10196
44624,46552
72928,65242
71793,48224
59168,50177
65918,52208
84751,48004
74556,70370
57691,9061
83191,121498
93118,85945
155083,134177
80749,78775
40068,31130
85321,77092
55461,54627
24969,21944
73783,86190
104726,85875
49909,53649
48182,59668
47663,44879
69979,51579
49860,32785
39016,32778
40532,38293
28958,24823
94195,118052
61861,53114
37794,33579
42311,31518
43009,43498
57017,61803
37022,61106
88668,64091
69696,68923
31555,19706
59746,43338
74802,77921
46416,42744
60850,57216
97722,78659
55795,34387
78262,66810
59476,124525
54475,48196
65149,54849
68570,18525
100716,105695
77996,59363
58517,55676
47187,38849
51714,65382
68752,97349
95933,82021
73067,74184
58893,38910
64135,65162
48368,47232
36069,26548
9142,11617
55214,41926
92086,77694
41671,35546
51314,39161
49651,29876
39955,28769
70974,60347
75186,35620
57558,37614
83977,64261
36790,34989
38607,26774
69598,54598
44735,39727
43905,41100
23172,22013
49907,40699
83238,82820
78672,61497
99707,86190
35146,38125
61556,59613
37160,68069
78425,53916
62086,35093
37317,32596
37500,31927
36480,36377
126137,118034
43196,50643
46211,35308
60691,55343
60468,67065
48823,15835
30395,30506
75914,48976
44139,28288
56413,70984
49927,29090
51985,50801
53299,34644
32375,29960
38512,28947
69403,47781
60204,39936
80259,71662
20909,10809
33453,29179
34629,34099
58957,46475
26038,19332
41442,38004
64368,65371
23044,34525
56431,79602
55979,52081
9199,80
49157,19935
30965,24293
91895,106519
16451,16785
39081,48384
28878,43999
57428,42299
76679,64898
63112,51975
34802,25285
46926,35244
32376,31401
55966,51539
65063,58000
47771,28322
40406,30722
31957,18932
42495,41065
29363,9273
60075,59148
30129,47958
31846,20665
21403,17630
14657,15829
28007,24576
58487,45535
63320,52836
63254,60838
58908,52557
36092,30643
70229,110713
55748,45840
51146,35535
63396,59900
29836,26393
66067,55715
33292,55963
48827,35326
66151,77771
56213,41429
47297,42710
33416,25329
9026,8779
74802,80399
36912,50044
33933,25462
40354,38662
63144,53127
42246,30769
29288,14035
48287,34699
40805,34344
42174,79027
24580,20753
26143,5788
81598,74223
59332,44108
44533,2811
46148,39230
39885,36604
46305,46463
35605,35146
33516,22946
50529,41454
50326,40829
40371,55134
34280,41477
37640,40559
77247,66873
45630,41524
30635,31345
36759,41747
44911,36630
64513,43471
47189,43906
35185,45351
61515,55085
56059,44321
31549,28950
39389,29477
34274,27377
93818,87689
61652,65401
41533,26870
75304,96081
41227,29336
42468,36424
60010,93129
53640,52393
40133,30789
54594,52399
29427,36449
16182,12486
18146,8472
53322,73176
58901,46394
18140,50664
37825,29041
34095,30721
46248,32750
107279,143594
29103,20994
59748,49428
38348,36098
38377,32472
34002,25310
45402,28752
29479,23962
48516,43230
38299,28804
29230,22510
43379,38495
16550,9599
50463,35917
58393,48146
87052,69976
56461,44406
53770,28819
32900,28666
17443,15483
31593,30172
44463,39418
90200,92246
26182,21760
65176,57375
56085,46876
25465,8478
66517,75843
34816,32738
41749,29381
54996,58724
50514,55709
32857,26223
21378,19416
57670,55050
59256,42310
31110,30690
18542,11289
40879,35838
24123,26571
39671,41495
68312,54749
29188,28227
30221,31400
63901,56190
23807,9876
58640,22568
23364,19003
31793,21750
37183,34742
22421,13786
24165,22855
15618,7521
45632,28968
34386,37635
11320,5209
41634,28099
85780,79454
23128,17617
25877,23623
58018,56339
57329,61064
74536,69837
55028,42393
38729,32624
68017,56931
23714,19071
27698,21898
39917,43437
31013,31077
23446,23224
42195,47898
41116,37077
46654,63168
33204,11542
19417,15918
28425,24843
32944,30671
37703,35541
55186,48702
16726,2452
12566,20132
96486,85242
18330,17685
49791,51314
32671,27054
29584,18669
58984,88853
41652,36181
23009,2472
35244,34786
75633,71551
59681,53744
48894,41242
18548,9570
42017,33042
13495,11593
23112,15795
44172,30842
15823,7702
52313,79519
38830,33996
38704,28319
50594,40748
38650,40992
37958,38585
48426,39620
52609,63077
18096,9379
34521,34485
17866,283
32281,27598
30834,28222
36847,31498
108627,90250
27198,29267
37117,36014
31980,39497
57882,57789
48780,59598
42029,25060
47694,52754
16299,6991
35303,27273
79087,72934
70480,122773
58809,84138
26067,22592
28879,38079
36269,29076
41395,44432
44406,38859
42909,39423
21539,18224
37211,28169
34530,35467
40976,30946
27919,24128
26802,29982
56330,86375
66657,60810
45638,41221
20278,16585
31198,34380
47675,34361
21896,14686
43751,39035
60318,141738
15229,21680
39386,42012
46080,38764
11584,2801
10192,9518
33801,42970
24057,19470
35455,16462
40805,34540
22485,20992
57691,59919
18269,8950
53837,52901
46884,31958
26491,27267
34258,62216
48930,62515
14789,8334
33316,27858
34576,28376
45831,43180
43857,22183
37838,36380
26643,4953
45682,34671
23857,16280
26932,15742
64002,78327
90987,76048
38385,33681
23789,11759
20153,14343
24165,27094
24686,23303
21787,22294
23372,17767
20167,12654
25053,15269
57894,71503
24137,25417
18703,31528
25509,24934
31648,30509
49896,60184
11217,3905
41948,32077
50585,69455
28229,22335
23606,32356
14433,14164
23730,22740
49506,62303
50398,47968
32989,32708
21336,17213
31385,27536
50308,48800
24680,25593
15896,11159
32552,29306
53392,44576
49844,44851
33478,18343
13094,8177
48202,35478
20163,16391
37522,18886
49855,55498
46835,42569
28824,28245
11239,11388
43963,32230
83614,72480
21042,18071
30932,22287
60589,56004
25823,12787
30140,29212
20544,36293
38470,46554
48501,33945
53546,41731
14108,4002
29239,20283
35010,34906
14499,12783
36830,44857
21153,20419
26001,23595
33035,12983
13635,12876
39922,30127
27894,22042
52374,129312
57891,54559
59484,58207
35383,28479
34397,27702
35895,36948
65336,59826
62814,60451
27222,29269
26364,24284
47932,108964
24757,9499
47622,41539
25244,19249
33229,26080
15785,18140
56883,46813
37096,20507
18516,14966
37304,10541
68692,67149
29202,30122
21646,19687
40736,51271
17613,15592
52168,48722
11611,3934
34349,43459
22927,17794
26119,37964
17609,15612
9288,2080
26117,12840
17855,17461
31429,26427
45982,37399
47161,64278
42687,73517
21745,20078
19573,21359
15242,10545
13851,18853
23125,19706
20403,22632
33493,31862
22832,28957
15285,15768
34930,28539
25869,26875
17549,3837
23557,19350
31778,19157
26724,11559
27101,36837
54849,56799
42909,38132
37004,35626
22561,31744
22061,19825
27838,16576
20942,16928
9881,8496
16913,17544
45207,28515
18852,16329
22148,20419
22603,21994
27306,22488
19931,26324
18280,17286
45049,41197
37990,31521
48053,42716
31683,25477
16721,15297
49246,45736
18019,29440
40262,44415
25182,20151
28162,26106
31824,26599
27503,22453
20642,42292
24091,30813
53278,43626
33347,31835
41698,40295
46256,41831
29291,28661
24522,22019
12224,12362
34043,32762
14367,9990
36288,37972
31944,18468
27971,26097
23867,20648
26263,26045
9933,10277
26486,8250
22468,19460
30203,29321
31053,26511
23667,29592
26726,29474
19138,27133
22969,17671
13573,12397
52764,40032
50525,40073
24525,19994
11944,9404
11301,9700
16787,13818
35436,31097
19325,18397
9574,10050
2685,4196
16714,11023
44656,36228
14916,5061
15227,9415
5161,6138
42068,92400
32032,30579
22846,22333
19006,19312
16843,19822
18568,17512
17913,16841
41703,110317
12578,28143
20612,19006
10121,4665
10672,11915
55227,54402
7863,10575
33036,25437
45704,38938
8189,5569
15131,23059
11623,10430
18423,19596
37919,34200
7309,7849
38046,31081
33343,26187
28657,25965
38174,71492
43610,40606
31025,23995
12558,2123
9122,7226
31194,28476
21639,20353
49966,67310
36916,25359
24250,18824
7911,9153
5162,6237
14544,10806
18515,28979
11147,29515
22171,7976
12379,11568
19182,15429
52364,50347
20825,22012
19544,16482
18629,15942
7731,9256
18355,14876
14022,10146
20183,38916
19492,18207
22211,17479
23999,18961
23081,22217
61029,111856
41516,43772
39412,41223
4216,66
19128,22373
14365,10676
23302,22870
21661,21520
29558,27008
34399,29548
9859,9766
19481,17810
31493,32326
23839,20651
10526,8037
19178,19418
30870,25331
12624,11235
9953,5946
21181,24175
45879,43909
17491,15602
10312,4062
48946,65474
28760,27936
13663,13146
13401,12380
33310,29566
9726,8857
12311,17237
19569,27913
19439,27579
6732,1738
20551,18712
12944,10247
26537,17069
29717,32488
11534,9483
41691,34389
12650,11548
33669,66385
15208,6162
14781,8597
16408,14033
8440,8059
11278,11016
17164,14628
21390,15197
7545,691
23340,18453
35993,47105
40040,52580
108596,106062
14648,10591
47222,33116
30059,26222
12752,12654
36847,23404
15757,16103
34976,30350
8126,7488
12390,9253
35621,42768
13551,1247
12266,22300
12791,9179
42790,34473
21968,16551
30480,26273
34445,18275
20759,21305
14973,14529
30226,24933
13983,7856
26347,22043
12645,8180
16926,13733
6319,2486
27685,32250
17547,24557
19413,10672
6511,5308
30502,43483
14147,10950
17716,19530
9885,8719
16062,14057
37345,33703
32014,30611
27106,28305
48724,68600
35550,30269
12823,14686
15986,14635
23460,21851
9920,8900
32239,24801
8689,6075
9960,9817
27083,27271
9561,5452
5413,11733
32305,14278
5199,1264
9267,8251
16799,22172
9316,9225
12028,12029
8883,9810
12301,10150
10032,12953
41225,37723
18599,60316
26062,17107
30558,59088
13431,13037
14942,7763
13015,9189
16218,17267
39013,33967
26380,28355
44279,40083
17299,11341
25372,26525
15950,13375
15598,25231
50358,55082
15785,35325
25431,29155
16977,17073
14340,13451
27448,23918
27875,29863
7979,6286
16112,17871
26573,27111
16248,14713
6360,7390
15282,13658
18150,35183
5554,1613
29344,36521
16670,14807
7132,99
28181,50091
36122,41074
29571,29983
18423,16884
16409,17204
34093,28673
14548,250913
6978,6219
8717,7716
6966,1016
9681,15255
30907,27107
9784,6979
15273,15558
20753,18149
12833,14877
15551,16573
31655,28988
17559,13766
46689,98290
14126,8989
10687,6880
24802,25478
11710,1665
13427,10821
18338,12222
32877,18030
16329,22729
26156,21760
20218,19509
19416,16590
19144,17207
9268,8616
25341,23075
16724,13328
23963,19750
17465,18293
39135,34497
20291,24412
32419,56860
7509,3843
14397,16345
19416,17047
10090,13708
9666,6690
10239,10488
20527,17286
27768,12179
13459,11662
14833,6976
5232,2859
8964,9685
4689,4088
23037,18517
5275,7546
22580,21696
15534,14209
17241,30915
21445,13853
36225,35701
19941,17276
6094,5591
22272,16610
26761,33797
4993,7361
24626,14028
13323,10027
7849,2930
21754,18302
14348,16563
15476,14320
31137,42968
13036,13508
6871,6046
16244,15609
17167,12119
30160,23589
21024,19198
20379,87105
8960,8977
17194,13879
9581,5499
15113,49280
6495,7377
27031,33389
17305,27892
18373,18928
31407,23303
10519,900
12908,12304
19064,19063
21576,17483
19106,11545
11746,19112
49850,43895
13190,13502
29695,28091
35434,33198
13153,9779
11655,8279
13962,14011
9505,7669
21670,50556
25676,20261
28425,25603
20897,19403
18699,17786
10789,9097
18166,15809
9125,8472
9886,8895
12988,55782
11246,13963
25693,45269
6220,7014
9438,7682
19714,16985
19377,17955
20689,25738
30747,26501
14280,7296
10180,9036
11847,8691
7867,3288
24756,16975
5114,3591
4605,4099
5631,6791
21610,24384
7896,6325
14709,17306
11927,7251
12259,11928
38007,28498
8582,8869
10555,8231
6744,2793
18564,4422
14605,10159
19691,10344
20601,35084
18080,22241
27447,28206
4858,10402
10609,10590
7247,4173
35766,18420
8222,5667
14755,12208
6432,6552
19231,39175
16987,15266
7629,7125
5190,13178
5479,2004
7939,9635
11596,2683
9949,6839
17003,16705
8928,9627
7278,4977
12147,11579
12491,10671
9366,4124
37106,32487
24681,39063
10519,23908
33382,42105
38361,41337
20760,17750
22683,20119
3795,3447
8146,7045
21559,16459
43877,76116
12560,10746
13231,10635
11862,15905
22051,22302
16856,17794
8287,7378
3812,3602
5299,8491
10905,5637
13548,9657
18359,33699
25145,35533
16170,20804
8051,6954
7112,6311
12681,9220
18675,13880
16150,15965
31728,30493
11426,7873
6861,6487
17573,18874
33006,47030
6846,5826
9626,8114
7388,4417
10732,9246
23923,20216
29656,25119
15198,41342
14618,12650
26158,25507
18602,13438
14335,10852
14646,15215
12972,14695
8326,4460
11507,5778
12196,21136
9710,9016
7247,5517
13886,7821
21554,22192
10304,7316
39457,34824
8826,9551
7497,5789
13424,10529
10373,12888
14640,14150
28589,25067
19386,15764
10390,7818
10178,2915
14761,11506
6246,4611
24351,22770
9956,7637
8966,13952
22381,24324
10171,10541
12694,10819
27125,18197
4659,4027
5602,4798
10477,16709
24217,17399
8678,5495
8891,3513
13601,10954
17019,13880
8303,7012
11873,11458
6997,5698
6171,4550
15749,18029
14862,11892
7979,10064
17139,14647
14044,12369
11046,7645
19114,90501
11021,4953
8536,5179
6228,5678
12849,8600
23794,19659
7054,424
10288,9551
12492,8003
17202,13904
11022,12643
10238,10327
12941,11847
5999,7584
9770,4458
6791,6269
4103,4019
13409,143668
24243,12175
21309,16385
16414,8914
13384,12933
6817,7752
8954,9489
8675,7042
12132,9604
6890,4902
9402,8595
10719,9597
10167,12496
26040,37716
9953,9259
4757,3339
14752,14379
78881,78861
6788,4360
27084,28373
12749,17859
7719,7265
31559,33516
21618,19376
13684,10468
9680,9247
9706,6594
26813,35714
9319,9030
17454,10606
6574,4588
9600,9840
10494,13279
12007,8941
39019,38685
22299,28495
8005,5759
15408,37763
15039,10965
19231,14824
9327,7565
9816,3841
9847,9572
17967,16085
23915,19709
32474,127907
15038,22270
6708,6563
7098,2745
8606,6541
4010,2336
6492,3862
3709,2714
4526,3176
8837,25298
7201,7358
4596,7130
5104,2282
6600,5374
8148,9019
9075,10404
11233,8429
8293,9318
17368,31232
11481,7862
27064,21162
21508,14524
6391,5823
4187,626
8283,8125
16534,15507
6878,5822
46923,53177
17182,17276
9509,8076
4855,3904
15374,14638
14529,4071
21172,18585
16642,8235
8362,5997
8411,7216
17464,14263
7913,5241
5091,1893
15600,13335
16190,17153
4941,2896
4410,3183
17435,15782
7504,6880
56338,55164
17276,44419
6213,3284
11688,7447
14912,13272
1855,1733
6951,17753
17425,12799
12354,9512
11605,10886
5806,4223
10334,8871
11353,9941
15497,18697
11045,10060
12828,13531
18012,14421
7818,4876
10621,1774
5325,4255
10394,9649
14976,12723
37298,54294
6470,4201
7554,5984
13386,14212
10778,7726
13590,11676
5994,5331
11051,26182
21248,15825
10999,16009
22250,14691
2639,2774
9096,7544
24698,18453
6412,5305
15477,10126
9603,2766
6877,7590
4622,3332
6814,6525
10361,11176
8697,10144
13140,15464
4462,7066
3312,3267
19070,14598
15961,13740
8007,7069
10002,9485
6898,5591
13368,13845
2975,3199
4793,650
12620,7075
32119,32912
11171,11595
26557,35004
4691,4230
3493,3147
17717,17379
10772,9063
21803,43994
3566,3810
3992,4208
12241,9235
3828,1058
10788,9594
5965,4939
8241,6605
9410,4428
44235,45139
17343,15361
9083,7886
4022,4138
12152,9805
11264,10252
23926,44167
3233,3800
8812,8297
12394,6158
15122,24316
17496,17478
15126,16162
37392,63446
4172,3711
17838,30597
6043,2891
9460,13044
10568,9564
8837,1831
4760,4338
7974,7223
11743,7751
7381,3132
9700,5455
17202,4983
2754,3423
11685,11396
11921,12480
8573,5289
31270,39847
4960,4841
8508,8203
15525,19112
4200,3612
18813,23418
4380,4040
13694,12519
11636,11161
15159,28734
5126,4517
13009,28391
11154,12630
5232,4402
4018,4431
6795,6732
6165,6324
12375,16276
8986,3830
12000,8621
5518,6134
8033,6767
6083,5716
6360,5344
7560,6699
9116,9749
7212,4236
27901,29993
5725,3914
7397,8641
1858,2108
37197,32623
3592,3025
20926,17347
6678,5806
19059,13307
8865,6412
3962,5961
16074,17190
11201,10699
5546,960
7397,7364
11570,19982
5940,4963
12208,13129
5339,3891
10055,14918
8547,7807
7270,6098
33798,33234
5837,4211
7014,6838
21291,18658
10048,11367
7220,9172
4891,3944
10147,8953
6693,7259
16601,23505
15612,19121
1698,683
5168,6348
10826,11041
6363,3958
9851,10688
27761,20353
4985,4281
2625,1214
4692,1460
4159,3220
5060,38
3745,1876
11621,10592
10029,9813
9605,1127
7349,19594
17085,13072
6124,6382
5438,2457
3722,3284
4138,2433
11459,10563
3208,2058
5581,5783
9627,10274
5794,4789
6809,4096
5231,4248
7822,5118
4444,3313
4512,2887
7248,6376
5729,7593
18876,12770
5053,4140
21312,17152
11752,10849
6881,6139
4424,2064
9131,5034
56958,93044
5408,3312
3014,1859
21467,20434
4582,4313
4348,5424
6997,5012
2889,2274
14023,8964
5995,6610
2435,2505
8670,22818
4182,3416
5552,3689
12440,10992
13163,12638
18597,37862
18642,39750
9445,7825
16549,12547
2597,3025
8012,7859
5428,1
5126,5481
2811,1822
3124,2847
4387,1236
20257,25531
8571,14597
4813,5143
19572,24860
18494,16368
10104,11153
12729,11720
8586,6279
11293,11589
3174,4464
11336,11799
10863,9861
3090,2554
1809,1982
11291,11580
13538,13058
4979,4935
2394,2536
4068,4000
6650,9814
9932,10287
7903,5205
3239,2307
7137,6116
12547,11303
19745,17083
7392,7702
13812,15504
6008,5392
9142,18824
2779,1541
3505,1399
4208,3339
28785,36051
10897,11471
2807,1126
5055,4180
9108,22091
6207,3946
4361,3681
8544,6218
4196,3781
3401,3384
5230,6980
4264,4007
3765,402
9098,9326
2363,1680
6515,5751
3470,2404
4732,3911
3615,3688
4757,4700
3581,864
21336,25175
2766,1683
8216,4107
3302,1799
8843,8031
3709,2295
3348,5607
4244,4924
4141,2090
26897,25964
3161,3028
12410,14551
4090,2595
10192,9805
11261,9373
9561,8438
8775,9315
4647,3742
12117,5433
8982,8074
10566,9848
11283,5946
2801,279
2999,7477
5220,5866
6738,5122
4079,4607
6267,3127
2667,1119
9508,10657
8821,8022
3851,564
14524,24621
4349,4911
7757,2573
3962,4800
9050,7006
41072,39213
3233,1527
4041,1612
6250,5531
19281,21779
4899,4753
9021,3223
3186,1752
3321,3564
8341,5413
9716,10014
5241,7558
13073,18820
5767,6967
6255,9993
11372,2408
2530,2157
9719,10820
20352,24207
4884,3377
23970,22715
6286,5117
11487,12035
3045,3495
2016,507
4985,3785
11950,6220
10047,10466
4696,4788
22509,19222
2746,1704
2463,2343
17744,15672
5342,1794
10421,3900
6797,6360
4551,5474
7353,1201
4136,3128
10165,4908
3224,6518
14665,15219
5319,5517
4590,3668
6694,6438
4579,1029
3705,2811
8749,14650
1395,1401
8469,8633
17238,14295
2835,3618
24804,24421
13167,11940
4219,5329
3526,2105
21429,16652
4690,1893
4447,4423
8969,10214
7828,9240
4449,1518
2421,2105
5207,4356
11054,7867
5703,4497
24525,25154
3781,2965
1401,1573
3744,2164
12357,13010
90043,60048
7447,6705
3937,12009
2716,1468
6065,3679
3884,3456
2730,1898
6297,8396
1125,600
3347,2637
5037,4819
1845,2644
11087,5245
4884,3596
3993,4042
1421,1810
8434,22903
12038,9740
9520,11724
2407,1218
2292,902
5738,4490
2358,416
2666,314
2471,2188
11394,13949
7102,6650
6037,7341
3183,2595
6127,6345
1628,1655
2126,2114
2096,509
3571,2534
5825,4415
3432,3381
5094,3853
3500,3666
6187,6058
5955,5717
4794,3986
7604,7042
1652,1332
3169,2369
2027,953
2822,3509
5424,2964
4094,3382
1251,1094
1232,1095
2117,1439
26618,39674
3805,4945
6595,6520
4964,4580
3440,1995
20059,28814
8017,5406
3478,3488
2425,1672
6252,5493
15162,13087
6815,6561
3023,4935
2923,2265
2841,1140
8171,6901
3998,3521
1417,973
2979,2924
3681,4274
4419,4109
3250,3870
1500,25
4067,3305
26215,25517
9164,5975
1221,175
2917,1479
6353,5441
13646,14240
2290,1089
7842,6210
3582,4365
2648,1517
2815,2461
9430,7333
404,7
5281,4870
4723,299
10140,7560
2420,1957
8497,5931
6136,5387
3009,1776
4657,3727
5544,3986
18396,21529
8344,8291
3909,3269
5652,4975
2922,737
8335,8568
11385,10323
2155,9
1174,1505
2117,2225
5636,7329
4803,6675
4634,22504
2579,892
5293,3554
1427,36
3606,2793
13178,7963
5165,7209
2658,3139
4130,2144
5765,3268
1403,1033
7730,6033
13697,13235
2751,1889
22136,20254
10764,21960
4687,3302
2428,2676
5028,4433
13971,11500
3991,3836
5988,1744
7374,6097
1707,399
3658,3000
8512,7275
1186,37
1834,1781
2188,8783
2652,2275
12001,8845
13594,15022
13236,14525
2791,1037
7667,11855
2191,2060
2088,3349
2795,1326
3982,34123
4249,2425
1910,1323
6680,6947
1585,1709
7505,11851
5963,4532
3963,2149
17073,19720
6320,6652
2603,674
2691,868
10930,10984
3064,3491
11832,11263
2171,682
5257,5378
6437,10762
1919,2878
24859,24427
9063,8829
1753,1403
7089,5523
3427,2367
1672,597
12916,19576
1927,2332
7971,6508
8300,7214
2886,2732
6337,7208
7943,6738
4074,3369
10971,11423
4354,4013
8394,9484
7056,5301
2724,2345
2031,2596
1972,498
6998,8411
8501,7626
1088,910
30814,33981
6974,7902
2706,2828
21276,19930
3024,3137
6013,5777
1551,1432
1913,1887
4735,9427
3968,1363
835,1306
10148,10978
5279,1649
2928,2262
2670,4231
5202,6864
8728,9678
10821,14444
5323,2461
3436,3189
1106,598
3596,1594
18014,22190
3225,2414
2476,1447
638,15
4964,4510
3867,3881
8653,4742
8320,18385
1735,543
2254,1636
8801,11124
3392,4214
1767,1641
5032,6408
6363,6081
3580,3742
4028,3671
20216,21950
4804,3828
3952,2457
3755,12587
2659,2142
2921,24795
5186,3286
8026,11662
3455,3431
10124,9896
6618,7455
1381,1086
3933,3914
3124,1622
5823,7562
4224,2286
7023,8268
1510,1021
9032,37776
6442,11186
2584,2659
2043,2974
5638,5763
3919,3911
2429,1400
38681,45862
2370,1773
2788,2451
1725,1667
3437,12152
1568,1551
2951,1506
12549,13325
2784,2284
1844,884
5040,981
1474,1013
1205,2
11232,16354
3421,1278
5073,4223
1527,79
2164,1069
7298,21854
1917,2392
5153,6185
27254,26984
856,820
3834,1958
1970,1605
2195,1745
15689,14155
748,759
4683,4130
823,79
7780,7821
1518,357
4236,3544
3828,526
1491,1427
5208,5717
3949,2931
11822,11748
6761,8541
5374,5958
5563,4456
1434,1052
5514,4935
6088,5541
2495,2793
10208,10968
1198,965
2647,1107
4499,12656
1286,647
1058,1060
4809,3099
3561,3125
1406,1380
22424,21319
11316,9030
6266,3123
16204,18353
1254,345
2552,2361
3426,11113
1627,1187
2037,1990
28436,33654
3063,524
3765,1297
25792,24665
2216,1186
1224,363
246,84
8213,7394
8656,8468
6931,5116
5333,6410
4467,3477
1921,1531
6557,3936
4071,7371
2594,1823
5186,3624
4443,3836
1958,1556
1875,1377
3222,4482
1801,1494
1954,1422
1980,1149
2776,1772
8002,10423
1844,2261
3496,1602
7114,7478
2577,2795
4965,6830
11302,26562
7361,6797
1588,912
2458,415
1874,2614
1014,844
2940,2856
1610,1109
3745,555
7124,8748
17667,18319
4167,3293
1435,672
2411,1650
2735,2466
2089,1736
9344,10240
2411,782
1302,946
13415,12682
1055,950
7082,9131
3632,4340
4640,4357
7932,8415
1218,1565
5153,6736
1850,1588
3013,1691
1643,876
1336,491
2133,837
2979,2284
1290,1078
3701,2026
5946,5902
5827,5183
5054,1822
17786,17160
3319,2152
1934,211
2291,1594
1774,1578
6285,5158
693,732
7048,5687
1810,1528
1964,3176
1496,664
3138,2048
3482,1078
2050,1446
2402,1035
3857,2923
1838,850
1121,995
2046,267
1960,1241
3915,3724
1929,1041
13189,11877
7434,7819
5120,4833
6268,5605
3969,3718
6579,5539
4233,3151
6775,6476
1985,882
1381,1511
1615,1853
2049,2304
8308,7002
1706,1098
2065,2816
716,11879
4975,5998
8900,11762
2783,3914
2149,2324
2897,2760
4553,7145
1753,1650
2264,2337
3775,578
1390,395
5899,13228
1533,1798
28640,41903
7382,7123
2435,1578
2995,2834
1846,1173
837,897
1519,1557
2963,1967
1968,646
5181,6391
1799,2115
1991,2062
13796,8036
4581,1690
1219,871
4676,2248
5372,7902
4079,1345
3978,5221
6746,6377
1289,1707
2091,933
1090,869
2312,2198
2495,2764
5823,4696
6237,21072
7124,7259
1467,448
2194,1035
2262,5353
3223,1821
1987,2073
3116,3279
1256,689
2226,1717
11776,12076
9631,9926
1717,1103
1726,1043
4687,6024
18299,21290
5182,4892
3525,2993
2179,1911
2025,1901
5604,3183
5326,4337
579,304
1926,2887
2153,1796
1748,943
2002,501
1044,568
1255,1034
2078,739
1311,687
6865,6710
2250,1814
4470,2003
1078,190
2399,2737
1801,336
1918,1981
892,1144
25206,27935
14485,15347
1711,929
1317,435
10358,7771
934,1110
1381,813
1305,436
3927,2772
3312,3862
1105,146
8597,6236
1575,1080
11347,7390
6871,5163
217,100
3427,4909
3034,3521
3174,2625
1469,842
1343,617
2231,1692
4541,7854
3390,1730
4175,1176
1161,424
2908,8780
1128,844
8311,1712
6652,9000
1978,405
830,72
1614,4
2511,3285
1327,516
4213,7174
965,497
1911,2162
3291,10479
5763,2471
905,613
19950,20606
9807,9377
888,2174
1355,2750
7985,7412
862,690
1860,1674
8219,7191
679,461
992,628
2195,1835
16978,14747
1680,520
2862,2370
7609,11877
5719,5150
20682,17259
2977,2116
971,453
1482,43
1763,1647
12076,13595
1815,1240
1524,696
2388,3780
2226,2951
8198,147
2119,2043
925,33
2079,1155
1428,1612
3093,7154
1610,1110
2294,1851
1880,1717
4303,4903
2633,2058
1099,963
6189,4552
9254,7632
17784,26987
2602,2706
1475,1505
1464,1657
1433,610
1994,2005
3200,8951
1442,1292
8863,7742
1181,1284
1631,875
6910,6706
2504,1544
2735,3445
921,1421
1200,739
3352,3143
3489,3321
19853,21305
1241,172
1512,1255
1172,2041
850,949
4215,2983
1827,176
16081,17635
1101,931
2677,2932
4260,4556
903,1010
2464,1999
2188,2843
2091,3126
2300,1857
1450,951
4164,3005
1114,810
8381,2954
1760,1699
1595,477
1319,1010
1192,1544
1148,774
6305,5421
1392,860
1043,4015
6575,4751
767,723
7927,8255
1796,2109
1445,1279
2012,1346
3788,4506
2592,3119
941,656
1701,1088
7279,20476
7668,10226
752,564
8871,11550
842,939
1707,1501
3379,3031
4286,5133
28912,35008
2845,59
1185,1011
4105,4288
5521,4784
4968,3902
994,677
1050,649
1600,18
1534,376
506,126
2176,2193
2397,4779
1643,1457
2389,2111
2751,2031
8018,13878
734,885
1179,3100
917,451
12134,10659
9269,10087
3546,3335
4358,4884
6548,7811
1247,2217
1808,4020
546,411
13386,12478
1062,168
669,268
2394,219
1029,690
860,584
1443,1412
10204,20587
947,730
14727,18061
2719,560
547,487
8813,12632
1314,924
2288,2814
1821,2107
837,399
6333,5463
620,522
1158,613
2309,1671
27031,24095
2904,2513
892,1337
1082,401
1720,1186
1014,1239
2019,6962
1683,1556
3015,3178
2076,2180
5340,7743
8227,9919
1833,5282
581,524
2831,2094
3808,3234
1116,759
1764,1591
577,356
1225,1111
2374,10317
845,935
2905,2308
1079,1026
5090,5042
2176,2191
655,517
1764,2026
2461,2551
2243,1640
1207,1869
1875,1672
676,178
2446,2667
3109,2994
21576,22881
3355,6513
2620,3015
2155,5463
4950,5741
16359,16892
1268,766
360,453
1915,1690
2217,1951
1190,603
17314,18040
2777,2841
1426,223
1345,3082
1151,531
1036,543
2116,3670
5903,6214
5511,4508
2082,2385
1035,518
649,518
669,968
3766,1733
716,484
24523,18452
924,770
512,622
1059,777
4747,4921
453,308
4897,4926
2430,3569
2365,2127
9255,18749
1201,407
1788,1414
3199,2893
889,127
1516,1527
2004,2123
1799,1590
1218,836
2644,1986
1006,3672
955,788
1474,1173
901,217
969,927
1668,177
1172,722
1199,4278
2061,2282
4201,4983
2708,21494
5301,5340
4416,5389
4695,4294
1046,749
1886,1539
1453,1415
811,1514
1127,2135
1017,587
891,829
2080,1001
650,701
1007,493
4983,4220
605,562
1284,578
4597,7951
444,53
1532,1111
2248,2223
2187,2213
1431,1453
2030,2038
7253,5862
954,26
1686,2824
5915,58168
1469,1470
3220,4596
806,504
12377,12007
6544,7675
1576,1507
1130,1144
719,602
2736,3162
1108,1231
1175,1024
2724,2355
13529,11200
11766,16594
655,657
700,526
678,142
15160,11747
1670,847
2170,1992
769,206
3961,3500
598,726
490,23
11706,9888
2682,1857
2071,2118
1714,2894
5939,5380
1955,1610
1258,1325
1166,800
2458,877
830,549
2804,3629
333,203
1133,1036
1479,1211
1365,1492
25606,24277
447,425
1118,537
2006,1648
4461,7335
2815,785
802,483
1017,135
985,149
4044,4081
1397,988
3198,3171
611,523
254,285
673,403
1903,2039
382,538
5691,6555
1010,899
7350,10871
2719,1273
1305,937
1078,1521
552,973
1298,1198
1789,5884
603,138
581,554
448,226
1615,655
1393,1391
564,887
5357,2011
1411,716
769,824
1190,1088
683,425
1037,1120
1854,1718
2744,3646
914,557
657,75
708,327
1301,1350
525,493
2401,2397
1171,764
697,681
519,414
4323,4423
1360,19
3168,9402
23527,22268
1464,1465
1026,1053
8500,7184
7209,6140
1692,3144
3166,2712
3252,3199
1789,1416
11478,10965
1048,408
8727,9184
2372,4721
962,311
6424,8485
1801,3270
17253,27977
366,452
495,634
1530,964
9010,9498
617,149
1048,1107
21923,25768
1108,289
2022,2383
1652,1058
732,1112
497,37
424,318
930,726
949,727
1327,3636
926,1177
5567,5751
1245,1083
1962,3094
6507,6222
3021,3504
1104,1712
1253,2507
465,134
828,2337
1121,730
7913,6987
5335,9147
489,2358
573,1022
420,4280
1920,627
7347,8953
995,2061
6236,6781
235,211
777,94
1469,693
647,676
3568,3130
1324,839
712,624
10358,13474
819,485
697,219
879,457
760,755
468,1234
3046,2625
1071,1051
2232,2394
1866,1909
5362,14255
737,676
3117,4609
226,52
2936,1420
22365,17474
584,530
4569,4222
7243,14260
20202,22795
1400,2569
357,257
950,671
769,914
701,503
2822,2683
10620,10337
6697,9566
4021,3081
451,444
2172,538
1134,1183
742,536
784,573
698,1085
4071,3566
975,626
1236,3790
2314,2369
2046,1557
1298,1117
2718,2234
679,182
873,707
6389,5956
1170,1312
727,1037
2660,1973
928,1243
897,835
1826,1418
581,1194
963,318
3813,4451
246,476
12009,9996
1691,1507
815,826
1323,1668
5092,3592
702,925
3785,3020
7668,6196
7855,8988
1289,1511
902,268
948,545
889,64
751,330
2634,2172
3878,2973
964,67
1345,1220
7819,9195
673,427
2912,9600
1348,1386
2007,7821
5162,7006
833,797
4565,4872
1587,1295
758,305
1579,526
556,928
3246,3479
9376,9564
5888,5137
2679,3542
5075,12672
447,234
1337,1361
825,171
406,758
1028,577
792,4190
848,536
609,341
2435,15238
843,273
554,485
8716,8984
1182,1344
526,222
3266,1206
622,317
851,736
868,608
391,362
3703,3391
693,537
1144,1083
1321,141
136,168
462,536
335,418
592,548
707,609
843,555
619,375
737,1054
714,316
1639,1518
636,607
593,1114
1556,922
474,507
659,276
483,505
17530,34389
389,434
1003,1750
572,38
1073,871
1034,459
332,295
484,669
608,301
3212,4220
4521,6058
1114,3799
576,297
2107,1179
576,447
336,869
3172,2651
395,423
470,781
1844,826
575,237
4113,3461
4066,3483
413,456
557,290
1514,1278
5072,6379
1056,496
1792,2822
1174,708
1933,2018
617,208
825,724
2125,2163
652,255
497,433
14301,28866
1254,1153
991,362
410,87
477,153
573,125
2709,3006
890,1890
356,263
24952,23012
992,3733
1336,1022
864,994
1061,622
800,871
2852,4891
670,323
3031,2326
952,830
2077,1921
508,621
8514,10312
664,737
707,675
772,257
416,235
769,552
1428,1369
1530,1126
8139,8067
1566,2378
3695,4081
1021,704
896,1
339,505
6022,4540
1776,2741
5972,6292
934,1202
168,86
1660,1377
1696,1312
658,776
607,423
1038,1510
312,357
2799,2592
1567,893
3140,3106
1454,2280
593,399
321,261
567,472
370,342
1788,709
1019,706
1176,980
8663,8493
723,594
585,481
1139,376
819,465
1174,507
1666,1478
1140,1156
2408,2423
1253,1181
813,549
684,315
872,748
888,424
1115,16539
363,351
2273,2415
453,665
422,217
780,544
413,299
584,429
2310,4572
7899,7430
813,314
456,306
1097,444
3034,2694
880,866
2404,2089
3454,2562
479,396
3339,3082
5515,7344
587,402
455,230
706,150
1404,2366
1992,1882
899,1194
473,108
816,326
528,484
6044,6260
510,486
9821,11677
1263,512
2846,2080
746,594
3930,7053
1953,2846
1160,1905
1048,1302
980,1044
1136,1174
281,5
499,943
3618,5787
207,207
732,490
321,346
1016,19782
2719,2352
5625,5630
2837,423
467,333
1129,647
977,887
1821,1556
6672,7780
560,744
571,378
542,475
790,657
574,519
242,50
3631,5704
870,565
1600,1259
837,2586
1373,573
282,149
3294,4858
974,938
386,285
1138,1971
13638,13196
5512,5674
397,634
734,560
724,163
546,330
353,91
5022,4263
1710,1762
195,135
742,270
729,476
653,373
357,394
1171,578
1501,1481
1556,9597
640,415
435,40
1008,1051
4238,4562
700,599
9484,9349
1435,1834
341,198
1133,2292
187,11
1856,1621
371,84
513,323
258,69
865,538
2628,1559
806,612
225,266
1086,905
15542,16169
1067,866
16725,19787
721,949
392,434
452,330
5632,10768
6422,6778
953,160
257,268
512,56
591,499
415,145
357,374
316,273
7213,10137
3491,3695
3142,3814
782,825
784,595
583,390
439,259
966,449
544,390
414,338
5000,4654
779,12416
4188,4936
637,364
432,482
276,258
6675,6970
609,504
3721,3204
524,558
5234,4692
580,463
437,84
680,1660
880,796
1526,3280
3157,2509
10290,11208
1785,3880
2868,24722
527,377
424,159
563,5
1409,1483
2042,4185
1128,600
869,1094
8625,8539
1605,1432
678,445
579,845
364,325
1501,588
2218,1734
3174,2776
477,85
157,17
559,1696
283,74
495,618
469,231
875,1218
1666,1431
2377,5716
288,194
5639,5093
692,565
584,300
378,618
674,471
617,352
1360,848
5035,3370
498,238
1403,1307
6257,16909
729,490
1045,1193
18112,12817
1165,67439
850,511
14627,13379
824,396
1523,1118
531,985
1303,1046
576,328
1611,1499
493,201
5390,4561
532,292
571,228
1919,1454
466,381
457,431
469,347
629,374
608,236
1194,1410
543,648
664,852
946,2524
229,110
3369,2594
1021,158
262,338
10413,10763
363,161
313,401
1572,1231
13394,16143
658,1096
125,108
1056,958
495,424
160,78
4131,4791
12335,17638
737,977
247,19445
674,776
661,110
732,623
899,1849
179,166
637,482
639,1169
453,254
2880,4299
360,172
308,446
2677,2628
987,953
814,738
826,699
368,71
1917,2508
405,70
2058,1960
535,616
1047,1685
1398,965
636,1266
835,860
534,8
178,327
1003,1477
529,334
1087,1303
879,656
355,595
634,587
509,381
748,384
289,221
2050,1746
382,61
1367,1295
2423,2324
11552,21690
526,297
512,200
15270,20005
17170,22365
407,10
306,155
448,232
1933,2762
7840,8836
655,438
642,393
718,333
374,256
232,205
2342,1100
1051,994
291,196
557,345
786,626
444,268
556,544
211,747
2223,2118
1331,632
2675,1945
3223,2869
384,388
488,402
333,58
1612,1124
371,323
5759,8296
615,374
446,333
860,831
1011,1138
631,838
300,340
1705,1700
414,256
3532,2879
594,534
1232,1117
2666,2322
752,553
227,176
1965,1446
664,776
1346,885
2160,2459
2583,2488
773,822
457,227
1740,1229
507,452
536,656
1929,2077
733,72
551,331
813,33
390,375
1855,947
10907,10442
661,300
1118,866
365,115
469,457
299,148
1043,1776
390,227
514,253
841,350
305,11
343,188
460,56
289,184
3102,4871
268,74
365,37
752,487
1384,1037
433,80
937,671
7729,7735
244,148
657,454
405,147
549,325
15622,20292
725,5672
350,390
870,607
712,615
486,333
3102,2671
336,26
665,699
525,438
414,651
5495,5490
4298,2318
5325,7970
1473,1529
381,364
240,1224
201,3
551,612
689,1146
415,31
333,216
212,32
873,324
2232,4552
5082,4939
1731,1334
216,384
2865,2374
1783,1919
385,216
538,624
3024,2954
3860,3114
465,362
234,196
682,431
5084,6904
1202,4641
232,115
533,538
1074,1429
235,42
473,249
2591,3761
214,225
135,28
249,149
17576,19024
1801,1248
448,260
678,701
477,514
270,59
626,208
3801,2224
226,155
14838,12365
252,211
6344,5482
380,309
659,466
380,369
579,974
221,115
1771,1717
6938,5990
680,818
269,169
3830,4558
386,694
202,192
3173,2731
205,129
674,362
536,302
4412,2663
177,69
199,134
996,1042
396,410
225,86
1123,1001
5071,4727
306,195
1413,1124
262,154
8608,11617
891,1059
116,82
604,346
394,242
1903,4119
304,180
347,195
422,250
80,38
417,187
276,278
454,225
245,413
1853,4290
114,166
2626,5833
2269,3673
541,1151
201,68
172,218
463,293
468,155
7193,3350
265,185
880,638
461,178
804,607
516,629
364,137
272,190
275,100
289,337
2164,2864
180,70
276,262
176,115
1187,93626
231,84
1015,1799
469,390
353,202
278,131
404,144
518,1690
293,60
2557,8906
317,310
190,441
459,161
3930,5550
481,246
88,46
920,182
234,165
279,128
1606,1657
497,293
1589,2064
706,1278
196,144
296,365
96,115
259,515
1551,2608
1157,1474
2879,2864
244,180
398,142
179,229
318,485
1491,6931
441,323
167,400
300,198
236,166
972,945
649,196
326,222
257,149
4959,6819
4415,4932
1129,1247
354,505
458,403
398,232
306,208
139,394
2614,2759
344,266
206,269
136,134
1270,1136
249,96
3263,3256
761,561
336,369
87,56
508,521
361,392
949,992
234,169
361,314
457,182
178,383
360,236
243,121
148,80
420,157
254,186
991,833
824,1596
333,249
357,190
408,857
2139,4654
3476,4212
675,1370
683,513
1807,961
385,536
1149,300
693,1296
2917,3835
363,280
230,202
291,134
229,186
117,94
305,16
5086,4057
286,190
236,166
361,278
821,1130
422,300
354,269
295,182
10063,6728
157,703
417,419
381,373
351,398
1534,513
583,501
470,314
13481,20534
224,106
265,215
364,1728
441,420
610,656
211,131
7005,7550
2213,1696
216,150
448,173
1118,1543
419,233
510,415
12408,11881
5682,7301
258,442
1295,960
1308,10169
420,420
235,356
257,109
3169,2558
203,101
262,252
270,20
308,135
3749,2517
208,418
4158,8498
326,213
431,305
314,454
58,59
152,68
545,3320
279,184
237,71
550,347
524,200
699,878
4617,12250
164,171
304,181
6964,12985
523,558
320,139
2155,2193
228,230
941,698
184,32
316,526
142,11
124,127
284,170
157,109
193,105
1976,2011
738,625
107,86
226,118
314,124
665,518
346,270
4443,4829
4171,3024
5051,6054
324,360
383,301
3558,3110
2966,2253
2174,1732
341,349
216,494
335,721
180,7
466,856
1097,160
435,601
386,1105
996,845
2374,2138
444,264
121,142
327,160
798,762
542,133
389,263
247,211
263,189
132,93
2118,1871
3829,5404
332,191
108,105
2365,2294
3428,3746
431,170
1307,9341
377,274
396,155
298,310
308,185
674,331
176,156
442,454
3967,3370
1045,1968
984,998
1643,1988
3320,2867
212,130
312,292
394,12
329,209
5520,5172
221,131
2225,1761
93,134
201,118
446,371
159,97
397,838
219,124
245,32
280,171
426,288
1169,1064
518,883
1036,936
205,134
150,15
303,93
242,169
982,1045
288,165
632,437
440,275
407,227
184,178
504,451
85,56
1988,3570
278,204
405,232
277,160
238,142
374,212
642,475
138,52
1004,783
353,320
209,59
2469,1696
312,443
7771,12781
292,194
236,141
404,263
272,264
3845,3551
440,410
164,155
526,291
399,421
48,8
304,35
443,287
4111,3936
513,401
349,222
128,72
1012,721
247,217
2697,2463
175,84
516,626
317,119
3158,4480
24,39
344,131
2017,1741
172,131
726,523
383,310
200,89
8958,10534
106,47
150,67
155,79
532,406
188,230
266,222
205,30
239,108
2152,1605
160,51
254,3
308,150
358,293
141,99
927,769
274,160
348,180
171,138
211,145
798,1285
225,216
220,145
203,151
1862,1696
206,6
314,252
670,890
3061,2783
4601,4215
538,330
160,181
7748,7069
328,373
308,181
95,111
438,289
244,185
222,297
736,515
641,724
2775,4695
8077,10053
289,174
617,1439
245,192
304,321
98,86
2322,2408
282,198
2714,2931
194,105
180,81
353,146
315,221
117,50
2717,2455
3255,4551
86,46
331,146
7390,12700
503,165
3856,3545
394,270
488,1200
1606,1083
1667,2515
171,90
310,277
179,291
227,175
424,643
364,513
1181,1078
183,52
763,1227
262,146
295,202
1361,1357
8543,7416
297,33
166,20
813,672
8594,7414
1312,101
2110,2166
545,257
299,286
272,290
1902,1715
704,705
408,648
199,247
828,3230
153,115
397,467
4375,10739
409,323
1089,786
2258,1794
275,228
7420,7396
372,229
342,458
374,387
176,105
290,224
387,644
935,1195
417,377
322,88
400,284
294,255
612,486
258,307
204,132
589,369
110,108
896,746
318,299
322,409
717,508
175,102
218,119
316,96
94,87
240,174
213,2
370,253
557,444
5849,7333
295,177
1110,1285
299,97
246,137
612,571
1084,1313
2941,2775
2517,3845
153,120
408,238
833,954
314,265
458,6582
2772,8880
289,175
240,52
269,148
444,54
52,19
333,301
160,269
359,195
869,914
548,915
171,182
287,2965
276,139
557,504
1990,1959
10577,10806
145,35
317,81
108,109
256,140
378,271
156,118
227,135
311,283
692,235
346,451
147,163
2552,2334
335,430
263,151
57,78
326,176
1188,931
304,188
397,299
4601,6320
86,52
6324,4107
300,141
507,385
397,267
44,37
304,373
312,233
473,246
235,569
188,138
266,430
227,168
393,208
190,82
366,353
671,719
230,492
210,104
158,2093
178,182
345,101
740,1389
425,400
2145,2058
2322,16539
306,320
110,6
615,162
355,216
4576,9549
98,94
241,210
101,76
364,111
149,75
7959,10716
28,31
167,102
1088,605
147,119
178,531
167,1164
288,87
258,266
224,253
300,627
192,2
162,380
2830,1832
554,229
467,228
3121,2076
88,47
972,784
3948,4904
350,276
1112,917
287,203
143,140
341,219
257,307
425,253
262,451
339,153
382,362
101,69
41,40
961,1016
4915,31308
165,176
67,1
897,814
364,287
167,64
382,409
5076,4256
6145,5342
193,128
103,67
411,479
653,174
130,37
5958,6349
251,310
1014,994
1920,3041
157,131
1293,1761
223,165
139,91
139,115
60,43
155,52
352,286
325,185
442,463
188,58
580,641
62,52
110,95
73,50
150,55
73,19
259,255
200,257
1135,918
572,561
651,1916
208,74
129,2259
153,128
257,220
88,115
177,5097
201,316
1228,910
263,165
287,1457
111,207
144,88
141,116
257,54
286,189
154,104
280,137
61,45
145,34
4893,4171
98,52
871,798
106,33
104,129
359,297
310,145
1082,2529
2334,1629
261,76
278,177
303,189
184,61
208,116
84,29
382,703
66,41
122,77
288,183
305,896
178,144
257,70
209,126
318,766
1104,1122
796,771
185,232
394,443
192,182
89,57
160,147
221,223
182,77
429,1669
71,39
366,307
114,81
106,23
459,351
326,191
62,40
140,58
268,134
331,166
332,156
166,82
332,202
541,512
344,162
145,114
251,248
208,146
126,293
264,146
326,250
153,127
317,176
162,127
252,185
1242,1183
194,1375
8490,9017
244,183
101,49
237,147
85,66
18405,17667
154,59
1268,1395
118,73
3039,2798
105,68
142,145
224,61
153,83
181,120
275,128
119,65
116,84
267,2
1302,1236
183,153
178,148
133,169
122,51
134,84
221,225
93,61
147,131
56,63
146,50
230,222
10133,9992
82,185
15,27
302,219
232,147
166,74
91,67
670,1389
439,378
688,487
808,925
5761,5611
197,141
79,127
331,976
304,270
162,1022
133,88
162,176
162,68
79,31
153,118
2132,1845
117,84
192,148
4263,5381
3968,4155
136,97
80,106
205,73
251,100
135,103
615,798
148,117
193,90
827,1106
164,111
193,175
73,440
476,572
1649,1455
836,1289
161,52
459,266
268,3
241,107
3136,2884
135,88
548,174
1680,1939
134,1131
4200,4463
122,38
185,84
1563,157
99,81
68,41
253,217
249,4769
177,129
21,14
140,126
133,70
1587,1366
2277,2280
113,86
97,41
754,430
244,100
130,90
593,452
118,42
78,1202
136,219
792,522
102,70
194,309
311,182
164,160
195,219
230,302
219,155
67,46
243,210
165,225
4506,4611
207,131
152,89
914,974
289,325
6068,5433
279,139
294,131
168,117
165,138
68,39
228,265
1143,657
6319,7430
123,161
217,180
403,228
914,1154
181,118
142,128
436,198
288,27
107,79
666,565
1595,2778
283,187
108,51
132,117
374,761
119,89
272,139
6913,7680
142,281
112,62
188,213
182,89
1058,511
233,143
1590,1426
83,11
97,82
188,127
862,813
182,211
219,43
75,45
147,82
95,417
117,55
6387,14345
38,63
655,625
421,286
94,10
567,477
182,74
178,122
241,4
335,179
85,79
179,146
119,82
283,129
162,262
186,143
158,151
279,334
144,69
306,220
120,100
275,2776
146,119
231,169
283,36
300,283
29,26
290,917
310,209
347,220
74,6
296,223
61,53
81,49
287,240
180,133
233,707
319,309
104,76
282,314
4415,4152
433,323
176,122
469,22
137,115
651,713
2114,1306
244,160
261,169
170,101
60,25
163,4637
328,318
245,184
505,217
927,1085
49,30
6655,6571
94,90
114,91
329,338
1683,670
142,90
200,67
162,100
357,317
124,78
111,99
247,10146
385,469
320,505
120,81
6093,8837
132,141
187,424
361,140
327,307
135,180
414,919
905,907
387,254
173,97
127,113
183,119
360,95
255,217
158,278
6405,8569
92,135
6410,6219
143,51
945,792
1259,1564
3389,3064
111,74
153,73
197,60
258,167
123,87
5034,4267
42,47
159,111
192,163
179,95
159,161
127,100
113,81
62,49
305,245
55,42
584,699
171,131
143,129
773,678
303,115
139,91
217,2179
187,121
476,394
209,340
383,319
245,99
450,234
501,446
166,154
123,89
328,176
3652,3002
104,55
161,130
120,75
732,5
296,212
354,227
24,20
115,44
53,49
182,169
174,699
292,162
684,617
151,596
1079,1349
412,294
140,152
216,171
5313,5532
201,107
94,70
133,133
401,118
1017,668
246,143
236,160
79,621
108,54
223,152
4018,3547
88,275
103,165
3665,3729
201,75
626,642
6820,7527
1444,2422
138,90
172,72
263,223
55,46
93,38
485,445
180,121
236,285
166,221
881,896
120,85
82,75
118,112
195,50
426,307
152,91
142,112
132,141
49,3
939,812
429,363
90,63
651,482
206,132
151,50
1004,1041
302,241
63,48
188,139
139,124
145,40
398,209
189,66
168,132
95,213
3718,3191
179,128
177,86
99,91
462,349
133,83
206,393
2907,2420
823,3551
29,22
133,77
137,95
901,1217
231,5
115,78
518,511
100,108
2281,2356
132,68
190,201
60,31
101,65
212,185
156,111
519,243
421,366
78,1
356,645
290,202
110,59
99,53
78,101
101,94
347,306
178,169
155,264
152,112
197,174
234,38
77,23
233,106
29,43
79,41
212,431
147,107
147,80
104,2482
7384,7999
218,101
178,40
2510,3727
95,186
157,1323
241,165
103,72
342,215
3042,3361
2936,5492
458,731
153,21
129,127
45,20
103,83
388,245
29,17
72,26
131,102
142,152
92,33
340,257
92,86
245,327
215,3342
782,237
226,127
99,55
248,203
158,112
908,744
913,1415
234,159
117,11512
271,84
1734,1686
1090,923
217,250
247,194
5850,9461
121,129
2636,2660
87,97
210,111
187,170
326,780
244,675
265,211
100,41
89,26
196,114
206,140
302,134
94,86
144,114
152,77
80,126
262,208
181,95
310,233
2307,2238
81,110
440,229
72,81
9566,11949
65,6
56,32
456,284
185,961
114,128
82,47
319,138
241,176
120,90
261,204
144,110
90,295
42,31
182,157
142,246
88,22
3358,2708
64,5
131,73
161,172
104,107
57,47
129,57
149,37
114,75
73,41
138,100
129,101
274,172
235,123
150,486
112,77
165,86
3387,5942
153,97
195,165
649,1194
2104,2174
102,89
482,1069
76,23
28,5
78,67
86,43
736,685
108,164
70,27
161,60
270,255
137,101
7362,7926
117,49
52,16
477,1061
273,248
223,26852
1506,1264
154,113
344,669
71,65
232,140
972,625
1210,4336
287,238
159,80
68,49
176,232
90,43
92,311
105,275
746,808
192,240
611,749
140,385
52,47
91,60
38,29
15079,22635
263,173
138,109
151,120
99,59
134,107
197,128
200,117
96,43
3647,5591
88,123
742,1493
125,187
48,25
180,8
155,170
89,8
970,883
89,70
116,195
123,79
160,89
120,19
170,15
83,40
1736,1943
45,62
951,554
225,221
1218,2198
213,131
252,153
318,164
328,196
877,890
855,709
141,106
201,131
150,229
77,2
1006,1009
119,81
172,56
381,365
100,67
341,509
141,58
255,123
26,19
85,76
21,6
131,110
9178,8649
256,24
356,185
45,33
4790,10601
173,145
339,319
673,2048
202,114
184,177
43,39
79,72
1534,1585
56,79
34,64
1179,1239
33,22
56,51
38,23
159,89
3154,3702
250,242
83,675
103,80
88,61
1170,953
45,24
379,468
154,149
149,107
77,20
58,99
32,221
59,11
64,46
57,30
30,3
99,62
469,670
113,76
71,46
43,27
271,178
157,66
167,229
75,47
111,112
80,545
128,168
56,39
3636,3969
276,130
240,1044
148,59
4567,8212
1140,1766
114,57
172,175
602,742
5728,7450
85,42
49,33
3319,3596
7413,9017
123,32
228,235
4870,3262
77,87
694,629
88,58
54,55
155,227
83,76
158,224
107,46
158,157
748,128
177,59
654,935
28,23
98,351
31,2
136,106
147,295
48,62
939,106
41,13
367,468
212,192
79,58
185,62
213,247
202,36
43,43
30,25
28,26
1046,1428
94,45
2816,10051
54,53
911,4033
38,36
488,533
156,90
70,49
69,124
51,41
123,595
49,32
109,125
218,99
76,71
7952,7911
58,32
66,50
1423,1340
166,95
69,66
85,55
140,162
160,105
167,108
128,83
59,38
11,24
281,207
117,82
120,89
107,51
1530,143
94,195
7624,7194
44,27
124,252
123,65
891,719
100,82
204,143
180,122
557,518
147,67
84,38
107,570
78,57
116,155
208,97
730,834
51,23
15,14
114,181
269,68
190,72
123,113
184,66
88,64
15211,19076
95,25
79,45
67,28
103,49
252,262
88,35
48,8
128,7
119,64
677,506
346,377
151,179
42,27
36,29
2186,1657
91,44
102,158
1047,1038
325,211
117,50
4979,4849
106,103
115,190
25,17
31,35
30,54
100,110
230,187
113,76
56,19
1551,1386
41,15
742,390
137,16
54,16
522,922
27,19
21,1
88,30
429,557
73,42
172,153
92,56
75,34
590,877
98,45
335,60
198,154
42,1
86,45
163,125
191,188
78,98
102,577
23,6
174,129
230,115
52,22
168,165
173,88
497,632
203,119
419,405
109,68
220,228
1738,1685
118,3046
188,380
51,9
21,40
220,115
45,43
152,1885
63,18
47,24
162,95
91,44
107,99
29,90
111,53
165,93
244,6
14,13
66,58
48,41
289,219
190,79
52,7
79,32
128,51
109,137
63,76
61,36
100,214
217,363
635,548
29,13
257,168
63,36
196,142
1824,1950
4329,7080
78,15
228,105
92,108
209,534
69,17
256,268
56,37
81,60
100,67
68,34
65,50
89,62
80,51
30,9
234,132
30,25
66,45
24,23
147,367
169,3525
86,75
60,57
342,502
112,67
289,74
80,48
1749,1477
192,16
59,39
33,31
16,24
132,107
69,36
177,56
56,38
15,15
674,664
5105,7807
55,20
45,48
149,75
160,86
1854,1868
41,30
85,49
248,265
196,241
3778,3851
39,45
78,54
31,9
78,59
89,76
32,23
72,40
103,69
12,6
159,108
142,150
37,27
130,97
98,83
90,51
301,251
62,86
55,31
242,139
94,45
110,70
131,101
106,70
1794,1147
17,1
1788,1477
119,125
83,55
260,145
105,614
52,78
78,84
28,20
60,47
125,68
90,132
71,116
329,557
54,43
71,55
230,335
167,123
670,46658
189,46
99,36
1696,1175
58,16
58,45
192,122
470,491
203,80
716,1003
46,8
2544,2730
45,47
6685,6350
158,119
152,130
147,67
108,62
256,64
164,137
295,227
31,17
51,184
95,75
87,23
133,101
8736,8176
57,62
170,169
537,538
44,42
130,128
389,221
246,212
43,4
70,77
167,135
63,47
178,82
681,572
35,38
150,135
342,363
1284,2330
173,147
80,69
130,233
382,422
94,52
60,2
22,12
47,34
294,378
26,26
67,17
87,49
101,110
182,102
145,156
72,69
151,27
112,116
100,77
25,19
74,66
49,35
67,47
79,65
53,14
512,407
86,96
130,143
80,363
46,14
131,74
57,40
18,27
21,11
89,50
170,9
56,20
123,139
72,20
2914,2725
163,60
24,1
144,220
70,44
162,1480
74,73
141,87
168,100
15,7
970,484
141,80
141,52
59,38
14,9
37,42
47,8
143,136
102,84
76,51
99,72
52,40
131,74
37,74
58,19
100,46
51,26
65,12
66,30
384,372
20,3
250,141
582,1450
2004,1845
62,68
374,484
343,316
176,81
1521,1308
559,544
21,6
163,231
110,73
92,15
45,65
221,124
43,31
228,160
53,65
40,15
48,16
182,186
81,73
121,98
55,48
40,33
83,58
137,185
2692,3555
122,103
44,23
126,91
2126,3763
134,90
93,95
55,29
79,59
2928,7104
97,63
47,39
133,83
99,140
38,10
142,87
104,52
47,95
139,81
2127,2283
121,685
58,33
119,25
134,65
42,5
89,67
54,40
130,72
168,129
2183,1724
68,237
32,192
1104,1002
79,68
45,45
40,37
122,57
55,31
1326,978
57,10
44,27
35,57
41,28
16,6
48,29
105,693
103,116
112,79
117,105
19,16
165,115
219,329
37,23
91,35
1658,1592
33,16
314,433
83,2
31,45
45,162
91,453
13,6
99,16
24,1
76,55
102,39
127,83
41,16
220,148
75,44
91,43
80,46
58,49
60,31
154,71
211,367
97,137
325,315
114,105
134,129
80,36
54,22
1286,1058
199,71
111,53
56,31
63,54
57,33
60,35
130,206
191,177
36,34
90,25
1283,1381
38,7
120,123
64,36
171,176
204,504
33,81
1463,1803
427,394
58,36
74,2
20,7
17,13
191,106
500,262
69,25
72,25
60,48
226,237
143,142
65,27
82,91
77,55
174,107
41,1
146,123
145,103
79,28
855,869
150,105
33,46
119,42
32,89
71,38
311,87
92,73
32,13
162,122
35,18
13,23
223,189
114,90
213,215
128,75
115,156
48,25
193,151
77,64
124,57
49,31
40,16
140,135
36,172
57,30
146,78
92,97
35,10
295,241
1218,1237
105,79
57,33
21,17
76,50
147,292
174,146
67,53
30,12
9,4
52,26
118,38
25,24
149,50
108,44
54,29
98,84
59,31
116,123
65,54
52,38
53,13
137,25
9798,9050
394,437
190,140
134,59
88,48
49,58
22,11
200,103
332,1505
54,32
216,195
231,448
111,73
131,87
96,83
135,92
88,79
1479,1496
110,296
21,16
683,1417
197,124
122,104
40,35
30,72
321,516
1830,3455
44,37
32,1
86,78
59,25
58,46
833,813
108,61
91,84
179,75
236,356
279,289
256,309
35,9
105,66
31,12
208,580
103,64
1947,1247
30,18
37,21
49,102
19,19
53,36
37,36
126,125
70,39
43,20
82,57
39,7
81,31
42,8
36,38
50,26
53,3
39,13
177,153
51,48
20,8
163,89
68,65
23,12
90,117
65,78
146,249
189,189
119,95
1042,458
68,57
43,54
80,114
56,29
41,41
1254,1084
56,39
64,66
1713,1902
7,5
294,100
32,23
207,201
15,1
9,34
195,115
9134,7416
136,62
353,674
179,83
52,41
40,125
195,189
227,157
1176,1484
49,17
130,48
118,81
104,1999
73,70
269,300
4241,6036
10,2
33,8
83,20
78,64
40,30
105,99
68,28
30,21
126,71
88,48
171,147
126,82
54,17
50,23
47,70
793,755
43,27
8792,8118
74,31
106,52
2417,3410
125,55
4186,4133
69,56
254,424
42,13
290,386
71,6
65,46
203,147
62,31
29,27
171,133
35,26
73,35
19,13
34,27
36,18
11,7
26,7
115,96
38,71
55,10
79,30
106,28
44,24
17,7
57,28
34,31
42,21
103,61
29,22
28,21
79,65
229,184
54,111
78,32
20,11
38,37
44,27
108,95
291,233
235,166
73,78
462,413
214,70
44,42
414,50
101,93
128,42
71,61
63,41
14,17
87,45
34,1
131,70
57,78
174,96
95,55
57,33
85,42
112,127
530,2617
462,170
61,25
68,34
28,159
760,762
71,1878
69,68
205,109
6,5
52,45
25,25
14,3
85,97
80,70
21,1
148,213
8,3
15,14
19,8
86,53
212,148
49,80
20,10
14,7
70,98
7442,9352
88,69
42,42
26,3
1427,1341
55,31
43,17
88,78
29,22
56,70
35,27
25,22
34,30
325,238
75,29
434,417
65,52
69,25
5542,8679
42,2
14,9
75,8
89,51
45,13
26,10
144,169
21,27
50,42
74,54
89,71
26,9
103,55
62,32
48,7
120,73
51,44
212,165
12,2
327,800
185,116
52,27
127,156
25,6
52,35
79,58
376,320
25,12
46,35
323,2193
17,5
40,110
76,49
19,16
70,42
7,9
31,30
808,63
15,13
73,32
124,113
13,2
329,275
137,100
73,36
130,6
29,8
83,32
90,42
42,13
17,18
107,27
20,4
22,4
88,72
50,20
109,43
219,195
959,489
92,60
120,58
45,81
30,8
62,42
147,128
84,103
62,35
69,55
10,6
84,79
29,17
45,22
99,39
46,1
19,14
45,83
135,62
160,183
42,18
17,19
91,101
21,5
315,26
443,792
48,27
29,27
5,2
89,83
38,16
87,40
64,30
111,86
9,8
58,51
41,28
102,14
56,37
60,148
21,28
117,75
137,124
76,36
30,31
123,35
7,1
24,12
159,204
60,38
66,56
588,287
40,25
49,57
13,6
56,74
41,23
94,36
1932,7892
61,63
43,16
136,57
41,29
162,138
43,45
21,3
129,208
68,48
66,37
45,53
53,46
60,52
52,41
30,22
48,3
33,26
203,143
182,13
44,36
57,83
75,87
25,5
88,75
26,5
322,409
73,1690
23,25
119,52
87,55
75,40
59,58
54,67
23,11
52,6
133,128
169,156
17,22
75,66
62,49
194,94
155,72
4,4
205,153
36,21
58,45
95,76
88,52
626,716
20,4
4578,4775
125,87
75,2
126,114
13,10
37,5
107,17
20,7
785,805
18,1
47,62
46,43
21,4
598,457
186,100
115,194
770,455
37,14
147,61
154,89
25,16
14,11
63,21
269,203
76,46
46,22
1538,6000
75,72
63,42
9,12
313,406
57,20
63,1521
43,30
86,756
179,298
45,26
135,106
45,6
62,27
196,185
28,41
148,120
54,46
55,34
48,106
25,35
31,16
21,36
29,37
24,5
368,22095
1246,1632
1210,1341
195,111
50,39
84,16
46,41
376,354
15,13
54,53
153,113
26,10
49,57
70,210
98,53
56,68
63,43
14,4
81,80
112,97
34,23
27,8
127,539
28,26
16,10
82,75
65,36
34,3247
76,66
714,1155
72,15
46,30
7,11
34,21
37,56
62,35
112,81
488,528
64,34
2486,3293
42,347
1220,1155
396,399
64,23
124,154
49,45
38,20
134,138
35,39
64,169
53,37
22,18
87,42
64,54
44,16
29,30
68,3
13,4
22,41
23,14
1856,720
125,56
50,56
301,291
35,6
30,9
201,842
33,9
57,35
360,885
100,64
22,5
16,16
282,542
15,13
115,44
202,228
83,73
59,57
65,44
63,151
32,60
35,40
1320,177
79,37
75,45
100,90
56,69
82,61
48,46
130,103
8,7
32,19
92,50
34,17
115,123
203,144
1351,1551
34,18
519,597
200,114
46,12
17,17
138,249
877,1098
206,455
261,306
64,71
57,23
9,2
21,23
32,23
88,48
32,16
90,135
42,14
62,58
890,811
120,88
906,860
2612,4898
40,6
111,746
15,47
5,15
224,279
132,119
18,19
49,19
55,24
12,17
268,289
53,16
174,160
33,30
156,72
136,109
65,71
38,9
48,11
70,57
34,31
150,140
188,128
495,576
21,30
17,2
14,4
39,35
34,26
4259,6641
66,45
15,12
48,10
70,60
10,5
58,38
22,5
6,41
78,65
48,51
44,35
112,135
163,76
31,25
35,33
38,27
18,19
63,58
1997,1514
35,18
38,13
55,46
16,9
31,28
21,83
68,57
18,53
233,490
55,7
16,12
238,215
173,149
43,52
33,31
326,416
45,51
21,835
77,43
6205,13311
24,43
41,19
46,26
45,15
186,162
603,589
114,73
61,138
53,22
101,113
19,18
101,45
95,100
305,294
34,27
44,45
74,95
43,857
253,215
59,34
61,43
7,30
66,60
92,48
36,32
57,12
272,258
17,6
564,511
13,11
75,64
53,29
18,2323
136,102
81,82
42,23
158,110
13,18
165,146
92,79
51,36
25,19
17,8
34,12
1337,3168
58,51
51,42
214,16
43,59
52,565
75,67
156,163
113,110
127,31
35,84
45,43
188,342
290,1754
33,20
124,83
176,158
33,96
139,309
50,115
61,34
5,5
72,49
79,75
26,21
76,58
27,26
138,12
18,2
104,49
36,9
16,15
44,39
33,68
24,8
295,269
119,36
27,13
16,3
61,21
15,13
13,13
77,149
65,81
56,57
27,24
122,80
243,137
54,34
68,48
68,60
39,35
53,122
105,51
33,20
34,32
55,11
94,31
122,108
59,39
56,525
241,230
283,248
102,49
27,15
167,36
57,41
26,11
113,71
42,29
75,47
21,5
48,40
64,25
17,21
65,30
3825,4591
69,61
22,9
45,14
33,19
138,86
105,56
190,294
23,29
36,52
48,34
46,43
2341,3002
41,18
220,18
82,103
17,15
66,35
114,118
39,35
17,9
29,21
61,47
81,47
99,89
30,9
121,7
44,21
100,120
81,21
40,25
22,30
12,1
25,28
111,91
25,24
33,34
35,11
25,9
17,13
40,31
13,8
61,62
29,11
187,75
81,25
78,49
403,521
29,13
23,19
38,11
39,40
26,9
62,66
16,13
5,4
34,26
19,5
27,65
7,1
48,81
7,7
23,22
1476,1217
4,5
2423,4622
52,41
110,538
20,24
64,27
12,1
21,11
15,53
41,35
52,37
75,38
50,24
107,60
37,10
11,8
54,52
72,61
6,8
7,5
28,19
57,39
45,31
287,377
116,89
40,20
6,1
15,11
14,2
108,84
45,2830
43,31
49,52
24,14
90,121
48,34
45,17
59,71
54,41
8,10
296,639
31,100
10,3
39,51
128,233
13,3
85,50
41,64
37,52
30,7
54,3
124,117
18,2
78,136
2,2
21,12
729,825
18,13
8,2
8,7
28,16
44,302
18,19
5,1
394,808
6,2
87,34
22,11
118,79
10,7
47,35
16,67
30,18
8,5
28,19
355,369
21,16
64,58
18,15
19,17
7,4
99,54
102,136
807,517
115,121
1194,1152
32,13
56,59
32,20
25,17
32,3
75,123
15,33
64,42
39,22
16,8
537,345
12,14
30,25
67,118
19,4
23,42
61,47
6231,7391
11,12
84,76
92,65
30,35
17,13
44,4
18,6
23,21
35,16
10,2
54,36
85,82
10321,11155
144,134
215,129
71,66
39,59
10,7
81,80
29,65
53,43
87,45
193,202
35,37
91,67
156,150
42,19
67,65
970,1015
1531,1500
35,24
11,5
11,7
74,61
39,41
20,21
64,56
67,44
511,513
127,192
9,13
4,1
66,65
15,1
369,16
37,2
12,10
87,106
554,499
410,410
115,61
36,28
233,330
307,277
62,49
3238,2873
26,41
292,251
30,52
51,1
127,108
9,4
70,54
71,14
97,56
94,47
16,435
92,63
136,85
5,3
54,31
23,5
106,76
29,75
26,45
22,23
120,171
44,26
17,1
8,19
10,6
21,3
97,34
42,30
7,7
14,19
28,20
15,1
16,14
20,3
32,21
85,42
24,117
38,40
147,115
166,74
8,4
72,35
42,21
3245,7548
265,191
17,5
24,9
19,5
139,136
7,1
38,23
64,48
28,9
37,39
9594,8993
37,31
15,15
54,33
14,8
272,223
52,255
154,363
16,10
11,11
24,27
5,5
31,26
87,27
32,34
7,5
19,23
7,3
38,148
44,29
7,1
48,225
68,64
16,1
38,13
45,38
62,34
52,2
42,11
28,10
8,8
76,70
93,43
40,36
19,4
71,77
338,364
16,5
25,21
14,2
42,9
37,19
26,1
24,17
66,25
30,42
41,12
8,42
62,44
54,33
14,12
33,22
14,4
35,17
19,15
30,23
51,36
20,7
65,45
54,26
7,1
48,39
17,32
35,9
53,57
84,145
55,40
239,167
8,2
7,3
33,23
6,1
14,11
133,100
21,13
24,50
332,270
94,316
52,42
5,2
10,12
684,1672
37,32
24,45
49,46
27,22
56,76
21,22
20,18
10,7
6,3
85,41
4,4
52,25
139,5553
38,16
96,107
33,17
47,17
13,17
43,159
45,30
2,1
34,23
19,11
53,45
50,30
190,477
12,12
138,95
136,145
323,1462
465,1201
47,17
4,4
178,362
215,126
149,184
74,49
67,34
25,11
44,68
190,184
118,203
612,957
69,65
34,21
51,10
38,55
72,74
33,18
73,31
2205,3399
6,100
9,14
30,25
8,3
3531,3124
16,1
57,46
29,11
78,130
72,37
31,37
27,33
58,25
92,118
270,211
23,25
42,29
39,30
73,138
16,32
48,34
53,20
19,11
50,92
43,4
30,9
93,66
52,139
112,66
450,362
6,10
5,6
25,11
37,35
15,5
15,34
19,6
25,23
49,22
154,174
6,2
22,13
66,29
98,3
23,14
33,3671
21,18
45,57
46,39
70,142
31,17
17,5
249,385
56,34
45,47
6,2
1920,1820
29,28
561,426
772,746
26,3
101,134
31,46
14,12
22,28
12,34
120,106
26,12
11,6
33,31
129,79
118,139
30,9
58,50
68,8
7,21
8,8
105,79
13,1
45,26
48,49
45,12
34,11
44,37680
305,97
67,49
10,3
86,64
17,15
15,1
22,17
6,3
48,27
120,72
325,459
579,513
78,124
21,18
6813,11758
39,29
30,28
19,14
14,11
23,2
9,4
42,43
41,19
42,34
17,6
209,207
42,28
293,199
138,128
19,8
24,45
6,2
53,36
38,54
53,18
48,22
1166,2367
10,1
294,120
18,19
62,21
79,46
97,48
306,293
66,29
22,24
28,9
11,5
15,14
63,49
19,15
156,104
52,51
61,60
11,20
72,66
90,72
77,61
10,1
37,199
63,47
435,318
16,10
55,61
9,6
20,15
62,33
128,265
138,81
15,6
44,36
197,193
22,21
21,13
13,46
24,20
7,5
25,5
13,29
10,3
20,1
77,299
360,378
28,11
13,4
44,37
10,3
545,532
26,46
17,24
47,33
26,18
9,8
39,64
9,7
4,1
13,1
6,5
38,37
51,31
27,26
68,68
93,158
126,130
16,15
51,39
243,552
59,17
5,4
11,7
63,35
22,21
14,7
3,1
20,7
21,22
75,79
19,20
390,416
50,42
36,25
48,26
54,29
27,26
57,70
77,34
123,32
7,2
13,6
39,21
61,58
50,30
38,44
822,9907
16,22
11,20
7,2
16,12
24,16
7,6
13,319
5,6
14,9
60,15
83,43
91,102
42,17
69,47
12,39
12,10
5,63
93,139
16,14
51,37
22,19
24,3
18,6
11,8
61,72
8,3
31,2
110,103
90,92
468,532
43,23
24,5
18,9
62,50
24,9
185,882
78,77
29,29
6,2
6,7
36,27
20,11
50,51
14,5
46,62
15,11
14,12
12,2
26,28
8,1
13,7
12,9
8,2
34,24
17,7
10,2
1,1
12,63
19,12
49,45
36,31
2,1
21,6
12,276
40,4
47,12
120,259
23,2
32,12
3,1
37,28
31,29
68,49
26,14
16,15
143,69
17,16
22,10
48,59
22,8
40,7
26,13
270,467
32,33
347,318
20,14
14,14
15,5
5,2
34,8
1,4
13,7
45,28
60,87
23,4
22,27
5,3
5,27
38,31
49,28
29,17
24,22
38,65
516,1254
37,49
30,13
17,1
43,19
78,62
27,17
33,27
30,7
4,1
8,6
170,94
294,362
63,46
10,21
767,783
2205,3991
40,9
66,52
18,13
69,57
7,160
21,28
12,12
95,87
1179,1667
4,3
47,32
14,3
33,34
22,9
17,12
84,58
40,13
55,49
1,3
2,1
25,27
332,433
5,25
33,30
3,22
43,52
6,10
47,42
156,369
19,11
57,48
1380,1727
8,7
42,23
28,20
50,42
48,33
22,6
17,13
5,4
24,13
44,49
15,3
42,22
21,12
28,27
26,10
29,19
16,2
528,533
6,1
22,16
30,24
20,77
36,148
163,151
27,21
34,10
37,31
12,9
67,14
106,167
1175,1141
28,12
18,19
65,63
29,11
10,6
329,802
9,1
1522,1506
93,100
79,56
2,2
8,1
18,5
58,32
33,182
31,1
19,23
2,9
82,379
3,2
58,56
9,3
77,36
32,7
39,29
13,11
57,60
19,2
37,71
12,7
96,81
124,371
141,150
6,6
75,37
20,7
20,16
25,13
39,106
44,26
18,9
857,3107
9,7
15,8
26,1
24,1
152,121
39,18
21,11
6,4
4,1189
13,10
23,16
31,27
45,55
33,31
2,60
12,9
84,76
5,95
19,11
6,133
64,60
85,78
21,3
116,45
143,401
101,69
23,8
66,64
1,1
15,13
307,46
22,11
37,24
132,22
36,64
3,2
20,34
23,22
43,17
37,97
7,3
33,16
65,66
61,39
57,36
67,50
33,12
15,21
10,8
2,4
37,25
47,44
16,6
7,1
4,1
9,6
2704,1585
147,169
49,1
121,82
237,388
262,248
27,19
60,423
27,12
23,7
16,4
16,11
137,108
14,14
1,3
53,36
5,4
54,37
1,72
32,18
53,27
42,12
27,19
16,19
2,3
28,18
55,229
135,96
12,32
11,7
21,17
10,12
39,257
16,5
15,22
89,71
35,21
10,13
121,89
40,14
30,13
37,18
11,9
48,55
12,2
49,22
220,203
141,200
34,40
118,113
252,272
39,27
8,12
24,10
4,3
6,1
8,13
149,149
22,675
5,1
33,39
18,14
64,41
5,123
16,11
8,3
62,49
28,18
65,38
45,9
43,46
8411,9938
142,118
557,484
11,4
32,6
4,4
63,27
41,48
48,73
7,4
6,13
4,1
11,4
4,5
4,2
41,45
21,1
12,16
84,80
10,2
22,46
19,16
39,180
17,10
64,51
13,9
41,36
58,33
77,44
48,22
266,45
32,12
28,9
63,43
61,50
112,163
137,142
10,8
10,100
4,2
13,58
38,24
53,16
7,13
2,1
10,213
18,12
28,22
12,9
81,52
23,18
23,10
22,64
67,62
4,5
21,15
40,2
26,18
44,24
46,16
123,5
84,116
11,13
17,7
37,26
24,13
15,4
8,5
6,4
18,426
148,148
5,2
33,25
19,18
30,15
22,29
40,18
7,7
106,78
2844,4437
12,10
14,8
99,107
10,2
11,25
107,55
426,447
8,12
178,539
9,9
31,15
1650,1953
64,131
43,7
29,21
74,53
18,2
373,337
6,2
42,39
32,8
8,5
32,24
13,1
696,1259
64,47
244,202
595,60
35,30
42,31
87,128
25,13
3,2
219,243
15,8
7,2
10,11
41,31
27,27
86,68
4,3
8,3
18,12
130,422
10,1
89,70
8,9
3,20
11,7
4,4
31,27
52,24
26,86
15,11
136,228
3,7
7,7
31,9
5,2
76,81
28,319
11,20
12,10
51,20
27,21
45,31
18,21
8,15
34,28
54,25
5,4
30,28
11,7
9,8
3,6
10,8
6,6
35,12
6,11
28,65
10,1
52,24
185,365
11,8
86,83
18,12
13,1
63,43
30,19
97,50
31,9
77,82
5,2
16,13
27,13
215,222
7,1
19,15
20,12
92,17
18,8
25,19
8,14
9,5
12,10
46,21
33,36
19,3
67,42
12,78
33,15
611,556
25,24
29,39
6,2
13,9
5,2
12,63
69,60
53,46
13,1
8,1
7,1
36,33
24,33
12,3
30,13
657,791
25,19
13,41
11,75
54,27
22,633
27,24
44,24
52,34
123,161
16,18
5,4
4,13
22,23
46,43
12,7
20,29
18,11
51,47
26,14
39,5
42,18
23,16
6,2
1026,1082
31,64
49,11
7,28
58,91
3,44
6,1
26,34
26,12
29,6
22,4
73,55
26,27
146,33
82,15
8,6
10,14
16,4
78,70
16,17
29,15
61,262
11,7
1,1
41,60
8,1
19,6
2,3
114,138
19,24
17,17
8,6
20,19
39,19
20,6
47,21
19,24
66,130
57,55
31,40
35,41
10,3
16,9
2,1
89,79
16,24
34,11
187,289
23,2
27,26
52,385
50,23
115,78
67,37
138,76
40,30
40,44
75,48
75,62
46,38
108,30
115,3818
79,74
43,31
55,126
56,33
40,37
78,29
35,9
21,8
28,11
43,29
60,44
116,67
32,17
22,17
18,9
87,98
55,23
38,25
51,17
84,33
14,27
91,81
22,33
24,14
36,2
64,15
10,3
8,5
30,23
36,12
173,257
16,5
148,381
48,18
62,40
97,87
25,19
29,24
12,8
34,29
39,31
20,13
32,23
50,31
50,30
63,28
91,107
37,20
73,48
42,28
32,67
19,7
26,17
26,19
56,37
41,20
49,11
43,14
92,59
28,20
48,51
20,27
57,37
32,23
28,15
13,1
20,16
60,40
44,28
5,3
45,30
121,86
74,27
62,84
39,11
32,14
6,2
30,14
11,6
15,4
41,35
50,25
45,49
14,15
26,5
18,11
19,23
21,11
4,13
18,21
5,4
66,61
17,8
19,9
17,16
13,7
48,10
4,6
12,3
178,314
69,100
19,15
15,8
55,73
16,1
41,26
37,26
26,11
31,24
29,46
43,57
32,22
1547,1824
19,11
1942,1938
30,40
35,27
52,16
9,4
31,8
53,264
1172,1297
28,7
25,21
20,18
23,7
13,13
27,62
24,18
16,6
21,49
18,13
22,5
14,2
17,4
61,36
13,9
33,9
8,71
31,21
68,66
36,29
6,3
16,16
3,6
14,8
25,27
20,36
66,72
13,10
13,9
14,2
92,121
106,59
79,57
22,15
21,23
52,27
30,20
5,1
26,11
18,85
15,11
5,1
13,17
36,24
23,6
27,21
30,9
57,37
43,31
33,2
14,14
53,27
38,63
24,17
17,7
33,22
24,9
42,29
94,111
6,3
17,11
11,21
166,119
41,29
4,12
8,2
11,2
48,29
96,121
46,163
16,2
113,199
31,16
24,23
22,6
275,234
61,54
68,62
19,5
17,7
12,9
18,2
8,9
17,4
7,6
97,91
26,16
24,19
214,31
17,29
75,69
14,6
78,65
4,4
43,70
6,2
17,3
35,28
6,8
6,9
1060,8694
35,30
7,16
5,4
6,2
103,104
12,9
14,9
13,4
7,5
23,3282
15,14
9,5
14,19
3,1
15,10
75,59
36,26
5,2
37,18
15,5
48,20
13,88
102,93
13,15
35,2
27,27
5,1
45,17
28,11
33,12
20,22
39,184
38,19
18,21
10,3
17,17
28,11
36,18
16,1
77,45
12,6
36,25
11,13
25,21
2,298
21,3
42,37
17,2
9,5
12,10
10,2
20,22
17,9
63,50
8,2
16,16
45,13
27,13
12,24
25,12
7,6
22,13
6,4
68,47
19,42
12,16
6,5
57,75
9,9
11,5
29,27
4,8
9,2
11,5
5,4
5,2
32,63
59,37
7,23
39,10
170,182
8,2
30,15
3337,3011
11,4
18,17
21,8
46,23
3,3
260,283
6,2
132,154
47,13
30,19
18,24
195,168
23,24
13,5
5,4
74,67
41,37
11,2
62,206
2,1
40,18
16,23
5,2
17,13
9,32
11,2
20,13
13,8
25,17
19,13
36,48
11,2
15,1
4,3
37,19
36,169
23,32
61,69
1,1
1,214
1,1
29,38
7,14
13,71
23,20
81,78
16,4
2,1
4,3
17,16
8,42
3,2
62,40
17,13
21,30
39,27
51,51
2,4
37,50
14,14
10,10
1,5
4,2
13,1
16,6
22,21
1,1
6,14
8,7
8,5
9,8
34,8
267,488
3,10
28,18
2,11
1,2
24,101
15,9
19,11
3,21
15,4
13,10
10,2
7,1
14,7
7,4
28,16
13,6
18,25
26,17
17,15
13,11
16,12
24,18
78,50
240,267
5,2
5,2
134,94
5,2
7,4
69,72
22,10
23,1
13,11
3,2
24,22
50,26
1,1
13,20
4,13
23,1
18,41
34,6
5,2
7,4
22,17
8,4
36,32
62,1067
19,7
21,18
6,1
9,12
5,1
11,5
11,3
13,17
1,2
9,9
71,92
17,2
2,2
23,11
224,135
8,7
5,20
14,59
45,36
3,15
10,12
4,2
46,47
35,33
8,7
7,5
10,7
60,14
3,3
8,6
12,1
32,30
65,90
35,26
12,14
14,4
12,9
2,1
7,16
17,11
20,17
71,35
16,16
186,125
19,4
15,6
4,1
7,10
5,3
28,19
60,54
25,22
3,32
18,11
7,5
8,2
6,3
11,22
12,9
20,12
22,3
5,2
5,6
12,9
2,4
30,10
29,28
166,214
9,6
89,56
3,1
2,1
18,20
6,263
2,1
16,5
16,10
32,595
13,7
6,5
5,5
6,3
8,6
131,145
9,3
10,11
19,16
71,79
26,245
27,28
121,124
11,17
5,1
20,15
5,1
17,12
4,3
155,115
20,17
31,16
16,1
5,8
21,9
27,11
42,41
24,13
18,11
11,7
27,23
47,28
26,23
3742,6846
10,137
1,14
34,60
7,2
164,109
1,1
11,11
1,1
26,15
3,9
20,43
2,2
15,6
22,16
14,12
12,9
8,4
2,134
37,15
75,49
4,2
3,9
28,18
7,30
18,14
36,13
1,6
2,7
65,210
14,2
20,11
38,25
41,49
24,6
26,23
16,10
22,20
10,9
61,58
13,3
14,2
47,25
85,126
13,1
14,2
48,33
23,30
31,87
8,2
3,3
6,4
5,1
5,9
15,10
149,59
22,8
11,12
2,3
27,27
7,3
2,3
13,11
7,8
25,14
6,1
16,13
24,16
4,10
64,49
24,60
32,21
40,22
10,4
2,1
1,1
6,7
1,9
10,8
2,2
15,13
10,2
13,10
59,803
12,14
540,478
138,107
105,100
93,66
47,41
37,20
99,75
66,65
102,436
66,61
55,52
38,2
23,12
42,26
29,14
28,18
71,75
23,9
17,10
34,53
41,40
37,33
50,100
19,11
24,14
17,13
54,58
39,45
24,18
47,39
31,30
25,26
33,40
28,23
32,18
15,4
27,28
18,20
30,174
26,19
19,22
17,4
14,12
33,42
26,21
16,16
26,22
10,5
24,13
66,35
16,11
28,23
15,14
13,10
57,52
22,17
60,39
11,36
10,9
32,11
18,23
13,7
34,32
11,8
20,4
30,32
32,15
20,15
28,24
26,19
22,8
28,27
10,8
36,29
23,13
14,7
10,17
11,7
70,73
41,22
8,2
38,40
13,8
14,6
14,10
8,6
13,8
91,153
20,7
32,42
15,1
28,39
12,8
107,916
10,2
26,2
17,17
11,3
10,1
21,4
47,59
113,124
12,6
38,25
20,4
14,10
7,5
23,17
58,18
20,13
9,6
17,7
46,64
26,21
9,7
33,21
36,24
30,19
12,8
11,4
7,3
19,11
7,7
6,2
25,25
9,6
6,7
6,3
12,4
11,9
8,6
30,43
5,4
5,3
21,4
43,39
22,3
8,6
7,4
16,14
362,252
27,24
17,19
28,21
6,2
14,9
36,32
31,36
9,3
10,1
49,42
27,20
9,9
57,23
4,2
56,24
4,10
9,7
5,24
7,3
45,36
7,4
9,8
7,7
4,2
57,56
5,1
4,1
5,5
4,3
45,32
35,36
12,3
12,3
8,1
15,14
20,41
41,38
18,4
40,55
10,21
4,6
29,31
13,14
5,3
7,1
14,1
14,11
7,10
10,17
11,2
19,19
7,6
5,3
6,12
10,20
7,5
4,3
11,3
5,4
3,3
4,3
19,12
8,7
29,25
45,48
64,60
23,4
4,3
13,12
20,18
7,6
31,32
28,11
40,36
10,10
3,2
13,89
3,1
5,3
5,4
14,10
23,23
732,697
8,1
27,20
61,10
4,7
38,47
22,28
25,614
8,6
55,49
5,20
10,18
4,1
20,17
29,19
15,14
7,9
75,67
51,33
23,11
8,8
45,29
21,21
9,13
26,24
15,6
191,46
27,17
8,4
13,12
32,28
2,2
18,27
59,52
8,3
4,3
22,20
19,16
5,4
5,8
7,6
3,1
16,99
2,2
21,14
2,2
13,13
2,2
13,11
15,8
9,21
6,2
3,2
2,2
5,8
2,1
38,23
20,21
10,7
4,2
2,1
1025,854
9,7
17,1836
51,48
21,20
7,6
16,14
8,7
9,10
5,4
3,2
10,6
13,11
293,298
9,6
16,15
2,2
8,6
9,1
6,21
48,208
47,124
3,17
12,20
74,70
8,1
20,10
3,3
6,5
9,6
2,2
47,94
39,38
20,14
9,10
6,1
11,10
10,8
87,61
15,18
7,6
15,12
4,4
23,29
3,7
2,2
42,50
71,40
4,2
16,13
4,4
6,5
4,13
4,201
7,4
3,3
18,14
16,5
26,51
8,3
9,8
9,6
14,19
335,1
22,24
54,51
424,3098
3,7
6,7
2,11
28,50
26,33
1,1
1,1
3,7
3,2
2,1
7,4
25,15
13,15
18,2
15,41
5,3
7,9
3,1
20,14
11,16
4,2
35,28
10,2
6,5
13,8
3,2
6,9
22,20
4,12
3,3
17,31
3,1
2,1
19,19
19,19
20,12
23,65
46,47
3,2
15,42
27,29
4,6
27,21
8,7
4,1
91,89
14,15
7,7
11,13
6,6
5,3
3,1
1,3
13,18
14,12
64,42
4,4
8,5
16,20
16,15
74,131
3,1
6,2
3,4
4,4
24,17
1,1
1,3
2,2
4,5
7,7
29,17
3,1
2,1
1,1
2,1
106,91
1,1
72,75
1,1
859,3
25,59
1,1
7,37
8,64
26,1
5,3
4,16
6,2
7,7
7,7
6,1
20,22
1758,1637
3,4
12,6
5,2
10,2
2,1
1,3
49,110
4,4
10,4
88,84
4,13
19,25
5,3
8,9
3,8
1,1
6,2
30,68
24,32
22,16
1,2
34,40
9,4
16,11
33,53
2,1
4,3
6,3
7,4
14,8
45,16
18,21
11,16
27,37
7,8
2,1
18,16
7,9
1,1
4,3
46,37
2,1
5,2
7,6
24,18
1,2
38,25
63,11
25,22
18,18
11,4
10,8
8,7
1,1
18,10
3,1
5,3
11,13
8,20
2,3
10,9
14,13
1,1
85,2
48,87
23,30
64,54
10,1
3,1
24,27
3,9
19,27
15,13
17,13
1,2
8,8
11,7
5,1
8,2
11,13
5,7
11,23
3,3
4,6
26,18
3,5
6,4
6,1
32,19
13,20
4,7
6,14
4,1
363,405
14,16
1,1
2,1
1,1
9,6
11,10
2,2
6,9
2,1
3,10
38,110
2510,2416
945,919
657,704
596,983
492,455
447,425
398,529
232,230
131,86
101,258
56,58
707,815
47,51
362,251
106,104
78,54
40,40
21,16
22,18
17,15
102,104
14,16
19,21
42,25
20,18
16,12
12,13
178,271
13,12
11,9
14,10
19,16
68,59
148,168
10,10
17,19
93,1083
16,12
76,111
161,126
101,102
63,40
82,85
60,50
40,29
15,4
19,11
10,9
9,12
26,29
7,9
64,76
7,5
7,25
14,6
9,9
9,9
21,19
14,15
50,59
7,10
7,4
6,2
59,51
27,23
14,27
48,44
16,18
53,49
6,5
33,31
31,23
7,16
12,14
15,11
5,2
24,21
5,5
13,10
8,9
6,5
28,23
4,4
4,2
7,7
55,278
17,12
5,5
12,37
24,20
6,6
19,10
92,92
5,5
4,8
4,9
9,3
21,56
12,12
4,2
9,6
3,3
17,17
4,1
21,32
24,49
55,38
7,6
21,29
3,2
13,18
10,9
4,2
3,2
3,1
5,1
4,1
11,9
5,1
6,3
4,2
66,65
5,5
6,6
20,19
7,2
11,20
16,20
3,1
40,31
10,11
7,5
66,62
28,20
11,9
12,1
9,4
3,2
3,3
10,5
13,11
5,2
22,95
4,6
16,14
11,10
12,5
2,1
60,3
2,7
15,19
3,3
26,75
2,2
11,8
4,3
4,4
2,2
12,9
10,8
3,3
11,6
34,51
126,122
8,8
68,43
31,33
6,5
7,7
24,19
15,7
3,3
21,20
2,2
4,4
18,6
2,2
4,4
7,16
2,2
7,13
4,2
2,2
11,12
2,2
2,18
11,7
7,6
27,113
10,41
10,29
6,8
39,29
41,32
6,67
2,2
5,3
6,6
14,38
185,176
18,15
10,10
3,1
29,19
3,3
4,1
14,9
6,3
5,2
2,2
10,9
3,3
199,176
8,2
33,32
13,1
10,12
26,84
2,2
3,2
3,6
31,34
8,4
27,25
29,34
2,7
3,2
5,4
6,5
4,2
3,3
3,4
8,10
41,51
28,32
5,7
3,1
2,1
1,2
16,7
1,5
1,12
23,22
62,59
1,1
8,22
41,62
9,10
2,1
28,27
2,1
1,1
13,17
6,4
2,1
1,1
9,8
1,4
1,5
2,2
48,51
5,4
4,2
7,4
28,11
1,15
6,6
17,21
1,1
1,1
4,1
8,1
1,1
2,3
3,1
1,4
5,20
18,12
19,16
2,3
11,2
9,234
3,2
9,6
2,3
2,2
1,2
6,6
7,6
5,13
5,6
16,17
1,1
1,1
9,9
4,4
7,7
17,13
33,30
9,8
3,1
1,1
17,26
3,1
2,1
2,1
8,6
1,1
1,1
6,4
1,2
9,7
4,3
6,6
39,3
8,33
2,1
13,25
23,26
17,38
4,3
2,1
2,11
15,18
11,6
55,109
53,71
52,62
20,21
5,5
4,4
111,114
5,5
3,48
11,9
7,11
24,24
7,40
2,1
9,9
13,15
17,26
10,9
62,49
2,6
12,28
1,1
7,3
12,6
1,4
6,27
1,1
8,5
3,4
1,1
4,4
5,7
47,32
34,34
22,2
25,21
7,3
9,9
15,14
8,10
4,5
5,6
4,2
6,8
6,8
2,2
7,1
3,148
7,4
9,7
9,4
5,1
23,29
5,1
8,7
1,2
61,60
4,9
2,2
2,1
4,5
3,2
354,327
6,5
14,4
1,1
3,8
34,27
14,4
6,4
5,1
16,19
17,7
45,27
22,484
17,18
14,9
2,481
41,40
806,875
59,46
11,7
945,785
9,22
20,20
6,15
11,4
53,52
3,3
6,6
18,17
20,20
2,1
4,6
14,26
1,2
5,8
6,3
6,5
4,1
4,6
8,4
1,1
49,31
25,274
168,161
1,4
6,6
11,1
5,4
1,233
3,3
7,5
16,21
3,9
16,9
8,5
11,16
54,56
7,7
8,17
17,7
3,2
36,32
5,5
60,122
10,2
2,9
12,12
137,234
36,9
33,9
35,55
24,16
11,2
18,12
65,59
8,10
6,5
35,4
10,10
6,10
21,19
7,6
6,6
17,19
6,3
31,24
12,8
4,3
8,50273
16,831
14,7
41,28
7,6
33,45
9,17
19,15
16,16
5,13
4,3
13,12
22,31
3,7
11,15
5,6
37,23
9,6
4,7
8,6
5,1
12,21
36,44
8,4
39,64
17,16
32,26
4,2
7,7
18,19
3,5
3,2
7,21
4,4
2,2
3,14
4,4
16,13
12,8
31,76
22,7
1,2
2,2
1,3
3,7
1,1
16,26
8,2
8,4
55,177
1,1
1,14
11,11
3,2
2,1
4,5
6,4
4,38
3,3
26,22
2,1
6,7
338,142
17,13
20,17
13,12
17,17
1,1
2,2
7,3
2,1
4,1
21,20
1,4
10,5
11,8
6,11
2,10
4,6
8,6
12,12
80,69
3,2
5,11
4,11
11,5
1,10
2,10
5,11
2,2
1,1
19,14
2,1
42,39
1,3
10,16
5,5
3,1
4,10
3,60
3,7
506,611
14,1
12,16
3,3
22,27
2,2
7,7
9,8
5,2
2,7
10,16
11,8
2,2
1,1
21,12
24,109
16,18
15,11
13,12
11,9
10,10
10,10
10,21
11,9
9,8
13,19
13,145
8,6
41,37
10,10
7,23
10,1
13,16
6,55
6,6
8,8
7,11
7,7
21,15
9,4
5,1
5,3
8,6
6,4
26,7
4,4
4,5
4,20
3,56
3,4
3,4
6,10
8,7
16,16
3,3
5,1
26,29
2,2
5,8
2,2
3,26
2,2
34,37
5,7
5,263
18,18
26,35
5,2
18,17
2,2
2,4
1,1
2,8
52,43
2,1
7,1
1,2
3,2
4,3
1,1
1,2
1,4
2,1
17,26
11,14
3,15
861,748
1,1
34,30
31,31
18,18
17,16
16,8
15,40
14,9
15,24
15,16
16,14
12,14
11,8
17,15
10,9
10,9
10,10
9,6
8,9
8,8
19,26
9,8
7,32
7,2
6,9
6,5
6,5
6,8
10,4
6,6
5,5
7,7
5,2
7,2
20,28
7,5
7,6
8,5
7,13
5,4
4,3
5,4
13,12
3,8
5,6
3,2
6,7
5,8
3,3
9,8
3,4
4,1
39,39
3,2
3,2
3,3
11,40
3,3
3,831
3,6
2,1
2,2
2,1
6,9
3,1
2,2
2,2
2,2
4,3
4,4
2,2
2,2
8,29
9,9
2,2
2,2
2,2
6,5
2,2
4,5
4,2
2,2
3,6
3,7
2,1
2,2
2,6
4,2
7,10
10,15
4,4
15,20
4,3
5,3
9,8
1,3
3,1
3,2
1,1
1,1
3,11
14,14
2,7
63,84
3,1
1,1
3,4
1,1
1,1
3,1
1,1
15,16
1,1
3,4
1,1
1,1
2,2
2,2
1,2
1,1
2,1
1,1
3,3
1,1
1,12
2,2
3,1
1,1
19,12
1,1
3,1
3,1
2,2
1,1
1,1
8,7
1,2
1,1
1,1
1,1
31,28
14,14
15,89
26,20
14,12
4,2
10,9
1,1
2,1
1,4
3,2
5,24
61,53
9,64
1,3
3,2
11,14
2,3
55,742
16,19
1,1
1,4
6,6
1,11
46,40
413,576
154,34
10,4
10,7
2,424
3,5
5,4
135,168
21,28
4,29
31,35
38,37
65,62
15,25
26,49
13,49
211,582
72,68
20,25
33,55
5,5
3,3
3,6
14,18
6,15
5,5
121,114
4,5
7,8
26,20
6,5
12,10
2,3
152,205
2,44
3,4
2,2
4,4
2,2
315,302
6,8
7,526
3,1
115,138
3,5
2,1
43,85
3,1
14,53
8,9
1,1
6,15
1,1
1,34
1,2
1,2
1,7
1,1
13,22
1,3
1,1
7,11
3,3
1,2
4,10
1,4
4,8
1,3
1,1
1,13
1,3
1,1
1,78
7,11
6,58
6,2
6,302
5,14
4,17
13,7
3,13
3,10
7,24
4,15
3,3
3,5
22,18
42,162
2,2
3,4
3,4
11,5
5,19
3,61
2,5
4,5
3,2
8,19
22,34
2,6
2,2
2,1
8,7
23,21
2,13
2,1
1,2
1,3
1,29
1,1
1,10
1,4
1,15
1,4
4,3
1,1
3,3
1,1
22,36
1,2
1,1
2,2
1,1
1,1
1,7
1,3
1,16
1,6
1,1
1,120
2,8
1,15
521,512
360,320
245,233
145,255
69,108
17,18
4,14
2,2
5,7
2,7
2,2
2,1
4,3
2,2
2,2
10,21
2,2
2,2
1,306
30,35
1,1
1,1
1,11
1,8
1,1
3,5
1,4
8,15
1,2
2,1
1,2
1,6
2,6
1,4
1,1
1,2
2,1
27,23
17,112
12,12
1,14
49,78
43,44
25,37
21,27
15,14
10,10
17,4729
11,11
10,12
11,11
13,18
19,13
9,8
10,13
8,8
6,16
15,17
10,9
4,24
6,6
8,7
5,4
4,3
6,16
6,8
5,5
3,4
8,7
5,4
3,5
8,7
9,17
3,3
2,2
2,2
4,3
3,3
10,10
2,2
2,2
2,2
3,20
2,3
2,1
2,2
4,4
5,12
2,2
6,6
2,2
2,2
2,2
4,4
2,8
1,1
1,3
2,2
2,2
4,3
1,3
1,1
3,2
1,1
1,1
4,4
4,4
1,2
1,1
1,3
4,8
1,3
1,2
1,2
2,3
1,5
1,1
2,4
2,4
4,4
1,9
1,1
1,1
9,4
3,4
2,2
2,3
2,4
2,2
2,2
2,3
2,2
2,2
2,2
2,2
1,1
1,14
1,1
1,1
1,1
1,6
1,1
1,1
1,1
1,1
1,1
1,2
1,1
12,13
