uproc,tara
149993,54627
98937,10665
81605,2154
71215,6260
64351,2392
56814,27243
52928,9591
47752,4886
41951,7108
40460,5033
38406,5848
36999,4154
36375,28410
36238,5810
34589,6089
33234,2310
33146,16870
32752,4019
32176,20525
31574,1450
30920,447
27714,6928
27666,1707
27634,6666
27273,8871
27155,3428
26205,3675
25775,5333
25179,10452
24964,1720
24596,4088
23546,5473
22592,3062
22466,3942
21681,12443
21526,5777
20412,3579
20124,4768
19593,1979
19061,9551
18667,2520
18030,7
16981,2845
16099,8081
15793,3031
15639,2520
15629,7698
15371,1554
15289,871
15239,6647
14898,114
13313,10760
12686,1164
12265,31234
12246,893
12167,4701
12047,4565
11880,2950
11576,1311
11358,1418
11253,2797
11043,1405
10909,1263
10816,832
10737,613
10730,1544
10430,1122
10315,8157
9985,1155
9945,102
9930,3788
9856,3443
9815,2045
9516,4065
9498,927
9449,691
9401,2439
9373,6282
9342,1021
9186,761
9060,747
8920,1589
8874,3550
8858,1563
8813,617
8804,4529
8752,679
8717,2651
8692,321
8654,1017
8651,560
8575,1733
8529,1245
8507,569
8494,1149
8423,3035
8257,610
8247,1368
8231,736
8123,857
8119,10665
7975,782
7806,4528
7788,459
7746,706
7690,796
7624,366
7556,551
7542,4609
7541,1543
7461,2453
7331,1544
7289,802
7172,2435
7156,2026
7031,423
6972,449
6968,409
6886,417
6790,430
6768,102
6724,497
6709,1588
6707,2258
6687,363
6673,1895
6668,44
6666,1168
6660,909
6592,1598
6545,776
6483,490
6465,4569
6408,660
6362,1119
6280,795
6259,583
6249,413
6236,911
6202,2556
6190,658
6138,558
6096,1439
6033,608
6032,1104
5999,108
5879,843
5850,385
5823,1760
5779,2062
5755,4152
5744,2152
5725,755
5686,565
5665,2526
5649,702
5541,85
5522,1705
5424,457
5415,519
5384,1
5376,287
5370,57
5357,687
5342,583
5323,636
5315,419
5281,669
5236,758
5222,532
5217,1656
5196,727
5189,989
5178,393
5161,2253
5158,2009
5100,953
5027,353
4937,1830
4912,553
4910,234
4907,150
4894,1531
4894,1132
4869,1497
4841,168
4830,287
4718,471
4706,2170
4672,2914
4649,1825
4629,670
4546,393
4499,301
4462,4233
4451,345
4442,1783
4427,719
4414,207
4399,246
4375,514
4367,1826
4363,1963
4298,485
4294,361
4286,1531
4286,1826
4272,338
4258,696
4229,390
4224,204
4219,177
4215,435
4187,235
4171,1360
4151,166
4150,7137
4147,887
4085,2116
4083,167
4044,336
4036,390
4025,764
4018,1723
4015,359
4004,413
4003,226
3989,913
3983,945
3979,805
3978,806
3973,192
3942,694
3941,724
3926,499
3908,271
3890,708
3858,210
3856,3264
3832,440
3830,851
3816,346
3808,1731
3794,150
3767,1048
3754,1202
3747,4894
3744,446
3717,730
3713,898
3711,677
3687,181
3681,40
3675,3802
3674,681
3661,181
3641,1148
3634,777
3633,356
3630,357
3613,224
3608,380
3608,98
3606,236
3594,341
3592,1105
3560,1520
3510,1451
3502,268
3484,446
3482,782
3466,383
3456,498
3426,833
3403,301
3368,551
3359,294
3356,587
3348,833
3346,511
3346,230
3345,644
3324,521
3314,19
3308,907
3299,1019
3290,166
3284,402
3255,182
3254,289
3246,8314
3243,360
3232,281
3226,347
3216,6748
3202,113
3186,1160
3179,369
3178,401
3164,253
3143,200
3131,213
3125,1472
3125,300
3104,187
3099,139
3098,591
3084,153
3055,488
3035,19
3034,281
3034,454
3028,149
3016,258
2992,133
2981,4
2975,588
2970,342
2962,728
2962,234
2959,108
2959,207
2946,238
2939,244
2936,412
2936,1034
2926,4
2925,285
2921,435
2892,836
2892,268
2878,539
2870,219
2869,1504
2865,254
2851,840
2842,268
2842,1116
2841,118
2813,824
2812,235
2804,564
2795,276
2789,15
2787,89
2763,750
2757,1383
2756,1290
2746,124
2743,460
2741,177
2741,170
2739,354
2732,505
2714,194
2707,1225
2701,154
2698,762
2697,371
2695,287
2692,296
2691,326
2678,1
2678,83
2670,1765
2670,2422
2669,231
2668,565
2666,194
2662,348
2657,6
2651,782
2650,3180
2650,223
2635,284
2622,346
2618,195
2605,175
2604,956
2581,195
2577,263
2572,1436
2568,226
2564,175
2544,549
2542,854
2532,270
2531,31234
2513,142
2496,341
2492,896
2490,218
2487,181
2478,699
2474,356
2471,199
2462,488
2461,169
2461,555
2460,638
2451,401
2450,367
2441,573
2418,681
2404,199
2399,483
2399,277
2391,5093
2388,2542
2369,201
2368,1589
2368,233
2362,43
2354,9121
2350,788
2347,390
2347,125
2346,263
2332,1095
2330,152
2321,1902
2311,145
2305,272
2303,143
2299,2288
2297,322
2295,3599
2293,278
2291,275
2287,158
2280,2
2280,475
2278,1499
2276,116
2258,577
2253,104
2250,326
2243,247
2234,16
2230,325
2227,170
2218,303
2213,518
2198,174
2196,367
2196,4
2185,660
2182,326
2177,560
2172,587
2167,267
2159,186
2157,1277
2145,356
2140,207
2138,269
2136,580
2126,291
2124,166
2124,127
2124,124
2119,225
2117,606
2108,176
2097,291
2097,228
2092,112
2083,344
2081,404
2068,512
2057,342
2056,92
2055,134
2054,346
2053,125
2051,641
2046,2003
2041,113
2038,731
2033,281
2027,225
2027,210
2024,337
2023,214
2021,604
2015,229
2014,112
2013,300
2011,550
2010,308
2008,419
2007,293
2001,1801
1993,137
1988,202
1985,136
1984,180
1976,276
1960,242
1958,244
1952,5871
1952,532
1947,125
1946,215
1940,106
1939,1084
1936,1538
1935,529
1923,384
1922,145
1921,127
1914,379
1913,128
1904,508
1897,152
1896,68
1891,141
1891,875
1890,297
1886,209
1883,584
1882,267
1882,183
1873,1
1873,130
1860,121
1857,200
1854,269
1845,132
1832,109
1832,203
1820,106
1813,367
1805,103
1800,171
1797,127
1793,126
1793,260
1792,649
1791,717
1787,393
1786,107
1781,142
1777,238
1776,696
1770,114
1765,83
1761,150
1760,531
1756,272
1755,145
1754,243
1753,258
1753,576
1746,123
1743,166
1742,285
1730,127
1728,235
1728,113
1724,1145
1724,113
1723,265
1717,173
1708,214
1701,327
1697,180
1697,121
1694,238
1682,285
1681,67
1678,213
1669,189
1664,265
1663,240
1657,197
1654,108
1652,124
1652,1313
1650,265
1648,21
1643,94
1642,370
1634,113
1633,317
1631,131
1630,123
1629,575
1628,161
1620,4
1620,297
1618,159
1614,1498
1613,352
1612,88
1611,951
1608,119
1606,413
1602,109
1601,249
1600,206
1591,177
1591,189
1589,85
1588,330
1588,305
1583,184
1578,816
1574,3630
1574,148
1572,155
1549,237
1541,75
1541,132
1540,8
1538,107
1537,121
1536,212
1533,297
1529,189
1527,130
1524,98
1522,427
1519,592
1519,242
1518,273
1517,64
1515,246
1512,516
1512,203
1510,84
1507,222
1506,61
1502,208
1499,159
1497,249
1496,179
1493,86
1492,97
1484,101
1484,4511
1480,488
1480,305
1479,840
1478,303
1477,263
1477,815
1467,497
1464,2008
1464,173
1463,132
1459,115
1459,120
1457,121
1455,73
1454,224
1444,120
1436,105
1434,110
1433,279
1431,120
1429,93
1418,103
1417,121
1417,221
1410,339
1400,241
1398,129
1393,380
1392,131
1391,101
1389,126
1387,90
1386,183
1383,213
1383,132
1383,128
1380,82
1379,2
1375,71
1374,178
1374,130
1371,258
1371,346
1371,136
1363,97
1359,227
1358,157
1357,147
1357,665
1355,80
1350,248
1343,95
1342,147
1341,370
1340,1826
1340,112
1339,169
1332,294
1329,162
1328,100
1328,314
1328,152
1326,82
1325,171
1322,108
1320,153
1318,411
1317,148
1315,299
1314,81
1314,476
1313,284
1311,195
1309,135
1308,106
1307,102
1300,82
1296,101
1295,108
1292,100
1291,370
1290,363
1289,119
1288,180
1286,151
1285,1490
1284,2556
1283,66
1281,607
1279,163
1279,209
1278,89
1278,114
1267,767
1266,115
1260,143
1259,697
1256,1612
1253,99
1253,134
1253,138
1249,438
1247,189
1246,100
1245,819
1240,874
1240,402
1238,98
1236,116
1233,500
1232,137
1232,161
1230,253
1229,119
1220,98
1219,763
1216,207
1215,539
1203,2
1203,221
1197,160
1197,107
1193,298
1193,183
1192,107
1190,218
1190,141
1189,96
1189,120
1187,128
1187,220
1186,89
1184,38
1183,113
1182,101
1181,110
1181,127
1179,162
1177,314
1176,281
1174,491
1174,296
1173,86
1173,189
1172,83
1172,77
1171,243
1171,136
1171,81
1169,233
1169,158
1168,97
1166,182
1165,66
1165,385
1163,133
1162,139
1159,132
1158,117
1157,397
1154,55
1153,8
1152,156
1152,2017
1152,145
1151,227
1151,82
1149,131
1149,456
1148,120
1141,337
1139,447
1137,76
1136,89
1136,454
1134,161
1134,275
1133,346
1132,86
1131,241
1128,155
1125,90
1124,98
1124,87
1123,70
1119,83
1119,263
1118,95
1113,440
1111,135
1110,169
1108,118
1107,85
1107,64
1102,155
1097,249
1095,1719
1095,71
1094,231
1094,89
1089,199
1087,230
1086,118
1084,204
1079,84
1078,81
1077,233
1076,129
1069,106
1067,182
1066,91
1065,96
1063,380
1061,154
1060,152
1060,105
1059,355
1058,97
1058,156
1057,103
1056,88
1054,93
1051,73
1051,168
1047,251
1043,267
1042,1315
1040,65
1040,64
1032,58
1030,118
1028,93
1027,140
1025,79
1022,509
1020,8
1020,235
1020,101
1019,119
1019,167
1018,1112
1018,109
1017,165
1016,161
1015,74
1014,191
1013,96
1012,60
1011,8491
1011,53
1011,105
1009,286
1008,245
1006,620
1004,89
1002,1369
1000,62
996,274
995,60
995,123
995,63
993,90
989,2236
988,189
987,141
984,235
984,887
983,2735
983,63
983,170
979,60
979,229
975,135
974,1054
974,191
973,1066
971,155
969,135
964,143
962,15
962,274
961,124
958,173
958,255
957,205
957,257
956,4
955,117
955,326
954,110
954,163
952,105
949,6
945,47
944,313
944,163
943,152
942,113
940,212
939,51
938,98
936,266
935,38
934,12
933,10
932,197
932,216
930,991
929,102
929,191
927,61
927,300
927,100
924,254
924,151
924,283
923,361
923,220
923,93
922,121
921,8
921,50
920,50
919,480
917,94
911,87
910,174
909,96
907,60
906,426
905,70
904,107
902,56
901,277
901,551
900,126
900,197
899,97
897,37
895,3
889,83
889,314
889,93
888,257
888,89
888,117
888,486
886,380
885,176
885,55
882,127
882,3233
881,73
881,262
878,297
877,211
876,20
876,493
873,103
872,571
870,154
868,65
868,168
867,380
867,209
865,235
865,152
865,157
864,2
862,5
862,124
861,144
858,193
857,221
856,104
853,108
851,52
849,366
849,111
848,368
848,65
848,5843
847,114
847,112
847,34
847,99
846,50
845,81
844,212
844,100
843,196
843,61
841,261
840,142
838,182
837,109
835,165
833,87
833,82
832,126
832,155
831,136
826,206
825,160
824,100
822,530
821,181
821,76
821,4
820,90
818,162
818,168
817,102
817,109
816,123
814,140
811,81
811,83
810,119
809,47
807,83
806,503
804,165
803,93
800,477
800,86
799,454
799,133
798,192
794,30
794,51
793,476
793,267
793,138
792,73
792,91
791,468
791,129
789,111
788,163
787,4
787,122
785,148
784,99
783,123
783,72
782,106
781,181
780,107
777,127
775,86
773,154
772,118
772,97
771,79
769,22
768,120
768,152
766,75
765,303
765,89
763,160
761,103
760,99
760,43
759,308
759,518
758,2
758,113
757,150
756,170
756,63
756,381
755,115
755,47
753,27
751,87
751,90
750,12
749,119
748,78
748,451
747,81
747,159
747,365
747,123
746,97
744,129
740,51
740,145
738,191
738,114
737,107
737,94
736,300
736,129
734,75
730,63
730,41
729,100
728,209
727,301
724,65
723,44
722,270
721,18
721,53
720,40
719,67
718,204
718,38
717,41
717,101
716,877
714,118
714,88
714,93
713,133
712,39
712,127
711,118
708,318
708,88
707,97
706,307
706,112
705,45
704,57
703,103
703,54
702,63
702,35
702,93
702,121
701,83
701,115
700,201
700,220
700,132
699,185
697,102
697,159
696,36
695,152
694,54
693,116
693,80
693,152
691,53
689,209
688,58
686,98
686,129
685,140
684,64
682,74
681,28
680,67
679,189
679,74
678,151
678,251
677,26
677,77
676,111
674,10
674,38
674,142
674,84
674,63
673,233
672,174
671,102
671,146
670,41
669,140
667,54
666,66
664,766
663,1
663,85
662,10
661,44
660,1
659,97
659,136
658,40
658,151
657,130
656,98
655,98
653,134
653,54
653,81
653,78
650,1
648,297
647,127
646,109
646,135
644,81
643,83
640,87
640,6770
635,209
635,83
635,89
634,202
633,49
632,43
632,127
631,357
630,324
629,140
629,156
628,42
627,231
626,128
625,80
622,102
622,192
622,50
621,257
621,192
621,90
621,129
620,94
618,134
618,102
615,141
614,179
613,2745
613,197
613,109
612,191
612,90
611,132
610,136
609,61
607,198
607,34
605,136
605,1149
603,153
602,114
600,267
599,75
599,56
598,77
598,73
597,114
596,20
596,94
596,231
596,74
595,70
593,454
593,102
593,141
592,34
591,136
589,132
589,136
589,537
589,136
589,206
589,144
589,82
588,37
588,112
587,140
586,247
585,115
585,39
584,75
583,143
583,127
583,29
583,69
582,87
581,224
581,112
579,91
578,113
577,51
577,787
576,106
576,278
574,31
574,28
573,5
572,43
572,110
571,217
571,24
571,107
571,126
570,48
569,141
568,49
565,80
565,163
564,90
563,25
563,28
562,68
562,144
561,108
559,300
558,107
557,56
556,81
556,102
555,191
555,185
554,58
553,137
552,55
552,34
551,84
550,93
549,52
547,77
546,228
545,64
544,31
544,1001
543,95
537,105
537,321
537,127
535,40
535,75
534,71
532,117
531,129
531,334
530,150
530,1
530,141
529,86
529,43
528,258
528,94
526,64
526,54
526,71
526,38
526,22
525,114
525,140
525,23
525,17
524,79
524,131
523,67
522,28
522,102
521,66
521,144
521,52
521,113
520,169
520,111
519,106
519,133
519,56
518,48
518,212
518,17
518,4506
518,68
517,74
517,142
517,272
516,174
515,41
515,100
515,203
514,81
514,32
514,255
513,32
512,149
511,144
511,120
510,144
509,32
509,1248
508,102
508,73
508,1066
506,281
505,111
503,22
501,48
501,36
500,166
500,115
499,52
499,126
498,126
498,61
497,78
497,112
495,49
495,130
495,79
494,255
494,65
492,56
492,62
490,6177
489,101
489,126
488,44
487,47
487,128
487,146
485,302
484,107
483,146
483,35
481,122
480,26
480,154
478,27
477,42
476,54
476,47
475,172
475,51
475,118
474,202
474,112
473,178
471,221
470,129
470,18
469,215
468,128
468,81
467,41
467,68
466,59
465,63
465,57
465,45
464,71
463,67
463,258
463,91
463,181
462,108
462,186
461,1
461,47
460,69
460,65
460,28
459,144
459,645
458,51
458,142
458,80
458,172
458,79
458,184
456,182
455,34
454,3
453,109
452,913
450,57
450,149
448,28
447,403
447,107
447,83
447,96
446,25
446,19
444,1070
443,159
443,141
442,222
442,220
442,329
441,182
441,65
439,198
439,46
438,12
437,356
437,61
436,35
436,60
436,134
435,50
434,186
434,12
433,30
433,42
432,104
431,129
431,6
430,176
429,113
427,140
427,22
427,86
426,72
425,145
425,86
424,3274
423,149
423,22
422,47
422,206
421,127
421,64
420,141
418,90
418,83
417,133
417,126
417,352
416,360
414,12
413,90
413,162
413,55
412,114
411,72
411,194
411,125
411,34
410,21
410,287
409,36
409,133
408,47
408,2
408,111
407,34
407,105
406,470
406,356
405,55
405,115
405,44
405,27
405,16
405,58
404,53
403,149
403,34
403,47
403,100
403,234
402,53
401,118
400,33
399,78
399,6
398,49
398,34
398,25
397,271
396,21
395,34
395,4
393,40
393,77
393,78
393,104
392,48
392,32
392,186
392,216
390,45
390,77
389,103
389,132
389,91
388,46
387,91
385,18
385,78
383,72
383,170
383,16
382,101
382,56
382,14
381,42
380,146
380,8
379,98
379,7498
379,195
379,142
379,12
378,21
377,26
377,184
377,40
376,34
376,95
376,38
374,83
374,74
374,64
373,293
372,62
372,38
371,176
370,145
369,144
369,121
369,13
368,83
368,38
367,52
367,210
366,155
366,57
366,161
366,35
365,356
364,151
364,519
364,25
364,389
363,74
363,56
363,66
363,65
362,359
362,31
362,53
361,122
361,123
359,29
358,41
358,336
358,76
357,114
357,44
357,81
356,79
356,12
355,4154
355,173
353,63
353,12
352,51
352,17
351,148
350,110
350,54
349,270
349,72
349,406
348,134
348,119
348,84
347,285
347,50
347,136
347,34
347,31
346,49
345,46
345,74
345,56
345,126
344,44
343,46
343,123
343,81
343,60
341,154
341,132
341,17
341,53
341,2
340,100
340,83
340,757
338,180
338,66
338,22
337,40
337,69
336,108
336,46
335,103
335,44
335,19
335,64
335,32
334,19
334,5
334,19
334,89
334,57
333,118
333,114
332,43
331,127
329,40
328,38
328,161
326,80
325,17
325,19
325,11
325,69
325,33
324,104
324,54
323,96
323,83
323,29
322,134
322,99
322,36
322,103
322,92
322,340
321,51
321,146
321,31
321,75
321,102
320,292
320,72
320,117
320,179
319,40
318,79
317,40
317,133
316,887
316,16
316,39
315,70
315,46
314,52
313,127
313,60
313,90
313,19
312,11
312,92
312,6
311,28
310,169
309,57
309,122
309,87
308,35
307,33
307,2
307,70
306,319
306,46
306,90
306,28
305,129
305,77
305,5
305,178
304,66
304,65
304,28
304,1451
304,2
303,28
302,105
300,80
300,42
300,90
299,498
298,31
298,46
298,58
298,81
297,84
297,157
297,12
296,209
295,40
294,47
294,6
293,16
292,64
291,30
291,23
291,94
290,72
289,56
289,128
288,43
288,27
288,17
288,27
287,49
287,78
287,220
286,77
285,31
284,2
284,106
284,126
284,48
284,4
283,49
283,7
283,41
283,141
283,29
282,16
281,73
281,91
280,56
280,36
279,125
279,15
279,51
279,114
277,47
277,36
276,1
276,47
276,106
275,90
275,37
273,101
272,138
272,38
271,6
271,58
271,4
270,183
269,11
269,55
269,75
269,125
268,126
268,102
267,68
267,34
267,116
267,144
267,15
267,121
267,5
267,40
266,54
266,66
265,99
265,370
264,62
264,15
264,186
264,115
264,9
263,25
263,29
263,44
263,35
263,69
262,41
262,72
262,581
261,27
260,59
259,1803
259,61
259,45
258,46
258,46
257,25
255,51
255,2
255,85
255,27
254,31
254,191
254,82
254,33
254,66
254,53
254,22
254,21
254,24
253,27
253,29
253,150
252,68
252,66
252,52
252,23
251,45
251,30
251,28
251,28
250,38
249,21
249,31
249,62
249,35
247,25
247,46
247,41
246,84
246,139
246,34
246,69
246,35
246,18
245,18
244,3
243,50
243,78
243,19
243,104
243,82
242,57
242,102
242,43
242,8
241,76
240,35
240,24
239,10
239,1599
239,15
237,207
237,370
237,40
236,57
236,28
236,74
236,26
235,15
235,39
235,77
235,69
234,62
234,42
234,125
234,36
234,41
233,60
232,36
230,2
230,95
230,17
230,3
230,7
229,50
229,71
228,28
228,136
228,42
227,111
227,26
226,529
226,47
226,42
226,111
226,384
226,10
225,17
224,74
224,36
224,112
224,35
223,38
222,68
222,55
222,18
222,50
221,85
221,57
220,33
220,9
220,76
220,13
219,32
219,47
219,22
218,99
218,24
218,79
217,63
217,44
217,37
217,34
217,11
216,44
216,6971
216,13
215,54
215,20
214,32
214,117
214,19
214,156
213,52
213,55
212,29
212,47
212,49
212,22
211,539
211,14
210,27
209,5
209,338
208,43
208,28
208,30
207,78
206,81
206,116
206,17
205,32
205,618
205,17
205,36
205,59
203,7
203,89
203,47
203,123
202,24
201,27
201,53
201,56
201,24
200,10
200,101
200,22
199,13
199,1131
198,262
198,19
198,19
198,35
197,113
197,29
197,58
197,84
197,49
197,40
196,31
196,32
196,20
196,29
195,27
195,46
195,8
195,15
195,62
195,63
194,15
194,118
194,38
194,66
193,44
193,15
192,46
191,126
190,63
190,53
190,40
189,101
189,8
188,17
188,86
188,154
187,2735
187,31
187,968
186,968
186,5
186,72
186,98
185,145
185,62
185,9
184,26
184,17
184,55
184,68
183,16
183,21
183,31
183,28
182,18
182,38
181,10
181,16
181,35
181,24
181,51
181,10
181,30
181,107
180,73
180,78
180,13
180,81
179,13
179,22
179,83
179,42
179,32
179,28
179,36
178,24
178,165
178,59
178,43
177,122
177,57
177,41
177,17
176,11
176,6
176,2
175,145
175,119
175,18
175,76
174,117
174,61
173,41
173,59
173,99
173,33
173,50
173,4
172,31
172,30
171,31
171,103
171,10
170,24
170,10
170,121
169,122
169,136
168,42
168,55
168,64
168,11
168,37
167,27
167,19
167,59
167,44
167,15
167,58
166,15
166,57
165,56
164,100
164,95
164,1469
164,47
164,16
164,22
163,39
163,390
162,2879
162,52
162,35
162,1
161,33
161,38
161,60
161,27
161,52
160,26
160,17
159,27
159,146
159,193
159,17
159,35
159,24
159,92
158,3
158,44
157,104
157,15
157,133
156,1
156,1
155,94
155,7
155,58
155,5
155,22
154,43
154,27
154,40
154,6
154,16
153,137
153,13
153,44
153,63
153,47
152,4
152,4
151,29
151,1367
151,27
151,64
151,56
151,53
150,33
150,23
150,19
150,10
150,20
150,22
149,37
149,318
149,34
149,44
148,36
148,73
147,20
147,15
147,28
147,16
147,23
146,26
146,51
146,10
146,19
146,28
146,26
146,26
145,19
144,103
143,25
143,9
143,41
143,244
143,125
143,119
142,32
142,4
142,6
142,36
142,30
142,7
142,19
141,19
141,27
141,40
140,150
140,6
140,21
140,46
140,13
139,46
139,23
139,54
139,5
139,18
139,14
139,8
139,110
138,66
138,169
138,153
137,30
137,39
137,7
137,87
137,37
137,15
137,10
136,46
136,14
136,60
135,56
135,54
135,111
134,50
134,272
134,49
133,32
133,46
132,46
132,28
132,23
132,26
132,21
132,2
131,22
131,309
131,9
131,12
131,49
131,8
131,46
131,50
131,22
131,5
131,22
131,28
130,56
130,40
129,18
129,7
129,26
129,19
129,21
129,24
129,4
128,15
128,1
128,9
128,19
128,15
128,4
128,10
128,197
127,70
127,4
127,32
127,30
127,1
127,28
127,126
127,2009
127,66
127,16
126,36
126,21
126,12
126,14
126,31
125,20
125,7949
125,12
125,17
125,22
125,30
124,10
124,38
124,19
124,1
124,9
124,27
124,104
124,8
123,11
123,20
123,19
123,123
123,40
123,3
123,8
123,15
122,21
122,14
122,34
122,24
122,148
122,33
122,30
122,123
121,29
121,15
121,63
121,78
121,41
121,7
121,17
120,27
120,1
120,15
120,12
120,28
119,23
119,14
119,38
119,46
119,268
118,5
118,36
118,2
118,16
118,17
118,1
118,13
117,29
117,9
117,11
117,75
116,9
116,42
116,13
116,1
116,1
116,37
116,90
115,14
115,14
115,55
115,43
114,15
114,83
113,21
113,11
113,11
113,26
113,9
113,5
112,24
112,24
112,40
112,178
112,2
112,11
112,40
112,14
111,34
111,24
111,34
111,20
110,34
110,82
110,69
109,28
109,30
109,27
109,52
109,454
109,35
109,9
109,13
108,13
108,14
108,27
108,125
108,10
108,32
107,63
107,19
107,43
107,4
107,24
107,29
107,24
106,19
106,2
106,24
106,18
106,21
106,57
106,35
106,5
106,62
105,47
105,45
105,59
105,10
105,12
105,12
105,22
104,79
104,23
104,15
104,2
103,51
103,12
103,766
103,18
103,21
102,6
102,11
102,9
102,9
102,13
102,773
102,8
102,58
102,41
101,9
101,11
101,3
101,14
101,9
101,14
100,54
100,13
100,58
100,21
100,55
100,17
100,19
99,36
99,7
99,45
99,23
98,15
98,119
97,17
97,30
97,27
97,423
96,15
96,28
96,16
96,36
96,34
96,22
95,10
95,28
95,45
95,55
95,19
95,14
95,7
94,8
94,20
94,30
94,5
94,20
94,32
94,28
93,88
93,35
93,18
93,18
93,10
93,10
93,46
92,131
92,35
92,18
92,70
92,19
92,31
91,33
91,294
91,32
91,30
91,19
91,68
91,14
90,34
90,23
90,27
90,12
90,20
90,2
90,130
90,10
89,4
89,22
89,18
89,21
89,17
89,1158
89,22
88,1
88,1
88,6
88,82
88,25
88,231
88,20
87,23
87,43
87,11
87,13
87,18
87,18
87,18
86,12
86,13
86,81
86,2
86,34
85,15
85,13
85,9
85,12
85,13
85,13
85,34
85,108
84,42
84,40
84,5
84,12
84,33
84,90
84,22
84,30
83,12
83,2
83,18
83,66
83,22
83,4
83,30
82,12
82,16
82,2
82,16
82,8
82,356
82,10
82,13
82,14
81,141
81,18
81,8
81,12
81,7
81,16
81,16
81,72
81,22
81,2
81,1556
80,5
80,40
80,2
80,43
80,8
79,30
79,64
79,49
79,43
79,26
79,2
79,30
79,7
78,5
78,9
78,34
78,34
78,55
78,12
77,52
77,28
77,24
77,14
76,108
76,19
76,64
76,12
76,10
76,12
76,7
76,29
75,24
75,12
75,35
75,23
75,5
75,36
75,41
74,13
74,14
74,33
74,4
74,12
74,28
74,24
74,2
74,307
74,15
74,14
74,25
74,16
73,16
73,16
73,8
73,19
73,7
73,79
73,22
73,10
73,4
73,9
72,18
72,32
72,22
72,4
72,15
72,12
72,25
72,15
71,19
71,8
71,12
71,20
71,13
71,30
71,5
70,42
70,3
70,16
70,25
70,13
70,5
70,502
70,15
70,15
70,5
70,120
69,9
69,42
69,1
68,16
68,94
68,12
68,13
68,13
68,5
67,20
67,6
67,52
67,20
67,62
67,12
67,18
67,8
67,1
67,27
66,255
66,11
66,16
66,38
66,111
66,2
66,14
66,7
66,32
66,18
66,5
65,97
65,28
65,9
65,90
65,26
65,9
65,9
65,11
65,62
65,21
65,131
65,28
64,24
64,32
64,13
64,7
64,17
64,7
64,32
64,21
64,11
64,8
63,5
63,20
63,17
63,2
63,12
63,288
63,21
62,11
62,39
62,4
62,16
62,9
62,107
62,35
62,1
62,14
62,22
62,3
61,18
61,4
61,29
61,4
61,60
61,18
61,6
61,7
61,3
60,14
60,5
60,34
60,1
60,5
60,47
60,8
60,35
60,34
60,194
60,45
60,3
60,34
59,52
59,14
59,4
59,10
59,15
59,24
59,16
58,5
58,18
58,10
58,22
58,111
58,3
58,3
57,13
57,4
57,7
57,10
57,15
57,28
57,6
57,13
56,6
56,24
56,22
56,38
56,22
56,152
56,15
56,46
55,9
55,185
55,142
55,24
55,8
55,4
55,16
55,3
54,3
54,16
54,5
54,6
54,3
54,103
54,38
54,34
54,4
54,2
54,43
54,2
54,18
54,20
53,28
53,1966
53,5
53,10
53,28
53,12
53,28
53,4
52,28
52,4
52,35
52,431
52,10
52,19
52,3
51,20
51,6
51,13
51,43
51,53
51,23
51,12
51,20
51,36
51,66
51,13
50,22
50,32
50,1
50,379
50,15
50,4
50,21
50,6
49,38
49,24
49,21
49,7
49,95
49,54
49,4
48,16
48,7
48,18
48,22
48,1
48,10
48,372
47,8
47,21
47,6
47,24
47,12
47,12
47,22
47,16
47,13
47,16
47,4
47,27
46,2
46,1
46,25
46,7
46,58
45,1
45,5
45,5
45,11
45,55
45,6
45,8
45,1
45,46
45,6
44,22
44,42
44,40
44,2
44,15
44,11
44,14
44,4
44,5
44,2
44,30
43,10
43,5
43,5
43,68
43,45
42,13
42,28
42,10
42,18
42,14
42,4
41,1
41,13
41,19
41,15
41,1
41,8
41,13
41,74
41,2
41,1
41,23
41,56
40,3
40,332
40,19
40,52
40,3
40,2
40,4
39,56
39,11
39,1
39,10
39,1
39,14
39,42
38,3
38,9
38,24
38,119
38,42
38,2
38,22
38,4
38,21
37,14
37,7
37,33
37,12
37,13
37,2
36,4
36,4
36,3
36,7
36,25
36,20
36,1152
36,73
36,3
36,16
36,416
36,2
36,26
35,10
35,12
35,12
35,6
35,10
35,48
35,8
35,12
35,4
35,31
35,337
35,2
35,3
34,7
34,2
34,4
34,11
34,20
34,6
34,2
34,7
34,19
34,3
34,8
34,4
34,3
34,50
34,3
34,1
34,1
34,10
34,3
34,28
33,8
33,79
33,122
33,20
33,8
33,11
33,14
33,16
32,2
32,73
32,1
32,10
32,10
32,547
32,6
32,2
32,34
32,2
32,9
32,44
31,4
31,6
31,36
31,24
31,13
31,1
31,1
31,30
31,5
31,8
31,6
31,16
31,40
31,1
30,3
30,4
30,149
30,1
30,16
30,6
30,40
30,4
30,1
30,15
30,2
30,27
30,4
30,10
29,444
29,1
29,11
29,4
29,1
29,2
29,1
29,127
29,387
29,2
29,7
29,3
29,11
29,1
28,44
28,1
28,18
28,12
28,58
28,2
28,2
28,12
28,38
28,21
28,2
28,28
28,1
27,4
27,4
27,6
27,5
27,30
27,70
27,12
27,4
27,7
27,48
27,9
26,36
26,6
26,3
26,1
26,1
26,8
26,3
26,10
26,34
25,5
25,18
25,4
25,14
25,10
25,2
25,1
25,14
25,5
25,2
25,2
25,2
25,7
25,2
25,14
25,16
25,3
24,1
24,6
24,19
24,38
24,3
24,3
24,28
24,4
24,4
24,23
24,4
24,12
24,19
24,4
24,2
24,37
24,2
24,14
23,181
23,2
23,6
23,17
23,18
23,18
23,3
23,8
23,38
23,4
23,3
23,6
23,2
23,2
23,2
22,3
22,13
22,12
22,1
22,10
22,23
22,27
22,1
22,1
22,1449
22,19
22,9
22,3
22,2
22,4
22,15
22,32
22,5
22,15
22,9
21,15
21,34
21,118
21,9
21,1526
21,1
21,11
21,84
21,53
21,1
21,64
21,2
21,21
21,2
21,8
21,2
20,6
20,3
20,6
20,4
20,3
20,2
20,28
20,2
20,4
20,1
20,7
20,3
20,76
20,1
20,50
19,24
19,11
19,1
19,36
19,46
19,3
19,16
19,15
19,4
19,1
19,3
19,3
18,15
18,16
18,3
18,1
18,1
18,1
18,2
18,1
18,2
18,2
18,8
18,1
18,8
18,2
18,2
17,2
17,1
17,1
17,3
17,10
17,28
17,5
17,4
17,3
17,16
16,1
16,19
16,1
16,4
16,1
16,34
16,122
16,5
16,44
16,13
16,38
16,172
16,16
16,3
16,1
16,263
16,13
15,6
15,9
15,1
15,2
15,1
15,1
15,2
15,30
15,6
15,4
14,2
14,4
14,232
14,12
14,18
14,3
14,11
14,2
14,1
14,2
14,2
13,1
13,1
13,3
13,1
13,1
13,4
13,24
13,4
13,1
13,23
13,2
13,7
13,7
13,4
13,6
13,5
13,18
13,2
12,4
12,9
12,4
12,9
12,10
12,4
12,6
12,7
12,1
12,2
12,51
12,20
12,1
12,10
12,42
12,2
12,1
11,103
11,3
11,4
11,52
11,1
11,8
11,11
11,1
11,36
11,1
11,12
11,3
11,3
11,113
10,3
10,2
10,3
10,3
10,1
10,1
10,4
10,161
10,1
10,3
10,1
10,2
10,1
10,30
10,44
9,10
9,3
9,4
9,4
9,4
9,1
9,1
9,3
9,43
9,1
9,3
9,4
9,11
9,1
9,1
9,1
9,1
8,1
8,11
8,3
8,1
8,510
8,15
8,1
8,1
8,2
8,3
8,2
8,8
8,1
8,2
8,1
8,2
8,6
7,10
7,3
7,2
7,1
7,2
7,30
7,38
7,1
7,2
7,120
7,1
7,2
7,14
7,1
7,4
7,4
7,1
7,1
7,3
6,1
6,2
6,2
6,5
6,1
6,19
6,6
6,1
6,3
6,1
6,1
6,6
6,2
6,3
6,23
6,2
6,1
6,3
6,4
6,3
6,1
6,137
6,2
6,4
6,1
6,13
6,4
6,4
6,1
6,32
5,1
5,2
5,1375
5,1
5,1
5,4
5,6
5,4
5,4
5,5
5,14
5,1
5,1
5,15
5,20
5,1
5,5
5,5
5,1
5,2
5,1
5,2
5,3
4,8
4,4
4,1
4,6
4,6
4,60
4,2
4,4
4,6
4,1
4,5
4,16
4,27
4,3
4,1
4,3
4,52
4,2
4,3
4,121
4,12
4,16
4,16
4,3
4,1
4,5
4,1
4,1
4,5
3,1
3,105
3,2
3,161
3,23
3,1
3,1
3,1
3,1
3,30
3,3
3,1
3,4
3,1
3,4
3,1930
3,1
3,67
3,9
3,2
3,1
3,4
3,2
3,9
3,22
3,7
3,1
3,22
3,4
3,36
2,623
2,1
2,1
2,1
2,2
2,2
2,32
2,1
2,2
2,1
2,2
2,1
2,254
2,1
2,26
2,26
2,4
2,4
2,30
2,1
2,1
2,1
2,79
2,1
2,18
2,3
2,1
2,14
2,180
1,1
1,18
1,1
1,4
1,6
1,3
1,2
1,1
1,2
1,57
1,1
1,301
1,1
1,99
1,3
1,92
1,15
1,36
1,300
1,1
1,6
1,1
1,2
1,6
1,13
1,14
1,1
1,11
1,1
1,1
1,1
1,1
1,1
1,2
1,1
1,1
1,10
1,7
1,51
1,1
1,3
1,6
1,4
1,1
1,2
1,1913
1,5
1,1
